timestamp,2.,2.1,5.,5.1,6.,6.1,8.,8.1,9.,9.1,14.,14.1,18.,18.1,23.,23.1,25.,25.1,28.,28.1,33.,33.1,34.,34.1
1772827670.8533604,None,0.00,None,0.00,None,0.00,None,0.00,None,10.34,None,0.00,None,4.33,None,0.00,None,0.00,None,0.00,None,0.00,None,9.00
1772827670.854177,None,0.00,None,0.00,None,0.00,None,0.00,None,10.34,None,0.00,None,4.33,None,0.00,None,0.00,None,0.00,None,0.00,None,9.00
1772827670.8852513,None,0.00,None,0.00,None,0.00,None,0.00,None,20.68,None,0.00,None,4.33,None,0.00,None,0.00,None,0.00,None,0.00,None,9.00
1772827670.8860285,None,0.00,None,0.00,None,0.00,None,0.00,None,20.68,None,0.00,None,4.33,None,0.00,None,0.00,None,0.00,None,0.00,None,9.00
1772827670.9053051,None,0.00,None,0.00,None,0.00,None,0.00,None,25.68,None,0.00,None,4.33,None,0.00,None,0.00,None,0.00,None,0.00,None,9.00
1772827670.905843,None,0.00,None,0.00,None,0.00,None,0.00,None,25.68,None,0.00,None,4.33,None,0.00,None,0.00,None,0.00,None,0.00,None,9.00
1772827670.9339178,None,0.00,None,0.00,None,0.00,None,0.00,None,27.35,None,0.00,None,13.00,None,0.00,None,0.00,None,0.00,None,0.00,None,9.00
1772827670.934782,None,0.00,None,0.00,None,0.00,None,0.00,None,27.35,None,0.00,None,13.00,None,0.00,None,0.00,None,0.00,None,0.00,None,9.00
1772827670.963899,None,8.67,None,0.00,None,0.00,None,0.00,None,29.02,None,0.00,None,13.00,None,0.00,None,0.00,None,0.00,None,0.00,None,9.00
1772827670.96475,None,8.67,None,0.00,None,0.00,None,0.00,None,29.02,None,0.00,None,13.00,None,0.00,None,0.00,None,0.00,None,0.00,None,9.00
1772827671.0010264,None,21.67,None,0.00,None,0.00,None,0.00,None,29.02,None,0.00,None,13.00,None,0.00,None,0.00,None,0.00,None,0.00,None,9.00
1772827671.0020926,None,21.67,None,0.00,None,0.00,None,0.00,None,29.02,None,0.00,None,13.00,None,0.00,None,0.00,None,0.00,None,0.00,None,9.00
1772827687.9350324,None,21.67,None,0.00,None,0.00,None,4.00,None,29.02,None,4.33,None,13.00,None,0.00,None,0.00,None,0.00,None,8.67,None,9.00
1772827687.9356,None,21.67,None,0.00,None,0.00,None,4.00,None,29.02,None,4.33,None,13.00,None,0.00,None,0.00,None,0.00,None,8.67,None,9.00
1772827687.9520848,None,21.67,None,0.00,None,8.67,None,4.00,None,29.02,None,4.33,None,13.00,None,0.00,None,0.00,None,0.00,None,8.67,None,9.00
1772827687.952612,None,21.67,None,0.00,None,8.67,None,4.00,None,29.02,None,4.33,None,13.00,None,0.00,None,0.00,None,0.00,None,8.67,None,9.00
1772827687.969094,None,21.67,None,0.00,None,8.67,None,12.67,None,29.02,None,4.33,None,13.00,None,0.00,None,0.00,None,0.00,None,8.67,None,9.00
1772827687.9696631,None,21.67,None,0.00,None,8.67,None,12.67,None,29.02,None,4.33,None,13.00,None,0.00,None,0.00,None,0.00,None,8.67,None,9.00
1772827687.986026,None,21.67,None,0.00,None,8.67,None,21.67,None,29.02,None,13.00,None,13.00,None,0.00,None,0.00,None,0.00,None,8.67,None,9.00
1772827687.9866421,None,21.67,None,0.00,None,8.67,None,21.67,None,29.02,None,13.00,None,13.00,None,0.00,None,0.00,None,0.00,None,8.67,None,9.00
1772827688.0030732,None,21.67,None,0.00,None,8.67,None,30.67,None,29.02,None,21.67,None,13.00,None,0.00,None,0.00,None,0.00,None,8.67,None,9.00
1772827688.0036728,None,21.67,None,0.00,None,8.67,None,30.67,None,29.02,None,21.67,None,13.00,None,0.00,None,0.00,None,0.00,None,8.67,None,9.00
1772827688.020137,None,21.67,None,0.00,None,8.67,None,39.67,None,29.02,None,30.34,None,13.00,None,0.00,None,0.00,None,0.00,None,8.67,None,9.00
1772827688.0207944,None,21.67,None,0.00,None,8.67,None,39.67,None,29.02,None,30.34,None,13.00,None,0.00,None,0.00,None,0.00,None,8.67,None,9.00
1772827711.9168189,None,21.67,None,0.00,None,8.67,None,48.67,None,29.02,None,43.34,None,13.00,None,0.00,None,0.00,None,0.00,None,8.67,None,9.00
1772827711.9181018,None,21.67,None,0.00,None,8.67,None,48.67,None,29.02,None,43.34,None,13.00,None,0.00,None,0.00,None,0.00,None,8.67,None,9.00
1772827711.968656,None,21.67,None,0.00,None,8.67,None,52.00,None,29.02,None,43.34,None,13.00,None,0.00,None,0.00,None,0.00,None,8.67,None,9.00
1772827711.9719796,None,21.67,None,0.00,None,8.67,None,52.00,None,29.02,None,43.34,None,13.00,None,0.00,None,0.00,None,0.00,None,8.67,None,9.00
1772827712.0005693,None,21.67,None,0.00,None,8.67,None,55.33,None,29.02,None,43.34,None,13.00,None,0.00,None,0.00,None,0.00,None,8.67,None,9.00
1772827712.0021431,None,21.67,None,0.00,None,8.67,None,55.33,None,29.02,None,43.34,None,13.00,None,0.00,None,0.00,None,0.00,None,8.67,None,9.00
1772827712.03094,None,21.67,None,0.00,None,8.67,None,55.33,None,29.02,None,52.01,None,13.00,None,0.00,None,0.00,None,0.00,None,8.67,None,9.00
1772827712.0323813,None,21.67,None,0.00,None,8.67,None,55.33,None,29.02,None,52.01,None,13.00,None,0.00,None,0.00,None,0.00,None,8.67,None,9.00
1772827712.0689118,None,21.67,None,0.00,None,8.67,None,55.33,None,29.02,None,53.68,None,13.00,None,0.00,None,0.00,None,0.00,None,8.67,None,9.00
1772827712.0706043,None,21.67,None,0.00,None,8.67,None,55.33,None,29.02,None,53.68,None,13.00,None,0.00,None,0.00,None,0.00,None,8.67,None,9.00
1772827712.0987346,None,21.67,None,0.00,None,8.67,None,55.33,None,29.02,None,55.35,None,13.00,None,0.00,None,0.00,None,0.00,None,8.67,None,9.00
1772827712.1003594,None,21.67,None,0.00,None,8.67,None,55.33,None,29.02,None,55.35,None,13.00,None,0.00,None,0.00,None,0.00,None,8.67,None,9.00
1772827736.9292428,None,21.67,None,0.00,None,8.67,None,55.33,None,29.02,None,55.35,None,13.00,None,0.00,None,0.00,None,13.00,None,8.67,None,9.00
1772827736.9308453,None,21.67,None,0.00,None,8.67,None,55.33,None,29.02,None,55.35,None,13.00,None,0.00,None,0.00,None,13.00,None,8.67,None,9.00
1772827736.958304,None,21.67,None,0.00,None,8.67,None,55.33,None,29.02,None,55.35,None,13.00,None,0.00,None,0.00,None,21.67,None,8.67,None,9.00
1772827736.9599152,None,21.67,None,0.00,None,8.67,None,55.33,None,29.02,None,55.35,None,13.00,None,0.00,None,0.00,None,21.67,None,8.67,None,9.00
1772827736.9874687,None,21.67,None,0.00,None,8.67,None,55.33,None,29.02,None,55.35,None,13.00,None,0.00,None,0.00,None,34.67,None,8.67,None,9.00
1772827736.9890904,None,21.67,None,0.00,None,8.67,None,55.33,None,29.02,None,55.35,None,13.00,None,0.00,None,0.00,None,34.67,None,8.67,None,9.00
1772827737.0166645,None,21.67,None,0.00,None,8.67,None,55.33,None,29.02,None,55.35,None,13.00,None,0.00,None,0.00,None,43.67,None,8.67,None,9.00
1772827737.0183034,None,21.67,None,0.00,None,8.67,None,55.33,None,29.02,None,55.35,None,13.00,None,0.00,None,0.00,None,43.67,None,8.67,None,9.00
1772827737.0459538,None,21.67,None,0.00,None,8.67,None,55.33,None,29.02,None,55.35,None,13.00,None,0.00,None,0.00,None,52.67,None,8.67,None,9.00
1772827737.0476468,None,21.67,None,0.00,None,8.67,None,55.33,None,29.02,None,55.35,None,13.00,None,0.00,None,0.00,None,52.67,None,8.67,None,9.00
1772827737.0750906,None,21.67,None,8.67,None,13.00,None,55.33,None,29.02,None,55.35,None,13.00,None,0.00,None,0.00,None,52.67,None,8.67,None,9.00
1772827737.0767987,None,21.67,None,8.67,None,13.00,None,55.33,None,29.02,None,55.35,None,13.00,None,0.00,None,0.00,None,52.67,None,8.67,None,9.00
1772827755.949998,None,21.67,None,21.67,None,13.00,None,55.33,None,29.02,None,55.35,None,13.00,None,0.00,None,0.00,None,52.67,None,8.67,None,9.00
1772827755.9510567,None,21.67,None,21.67,None,13.00,None,55.33,None,29.02,None,55.35,None,13.00,None,0.00,None,0.00,None,52.67,None,8.67,None,9.00
1772827755.9683328,None,21.67,None,21.67,None,13.00,None,55.33,None,29.02,None,55.35,None,13.00,None,0.00,None,8.67,None,52.67,None,8.67,None,9.00
1772827755.969385,None,21.67,None,21.67,None,13.00,None,55.33,None,29.02,None,55.35,None,13.00,None,0.00,None,8.67,None,52.67,None,8.67,None,9.00
1772827755.9865186,None,21.67,None,21.67,None,13.00,None,55.33,None,29.02,None,55.35,None,13.00,None,4.33,None,17.34,None,52.67,None,8.67,None,9.00
1772827755.987526,None,21.67,None,21.67,None,13.00,None,55.33,None,29.02,None,55.35,None,13.00,None,4.33,None,17.34,None,52.67,None,8.67,None,9.00
1772827756.00454,None,21.67,None,21.67,None,13.00,None,55.33,None,29.02,None,55.35,None,13.00,None,4.33,None,17.34,None,52.67,None,8.67,None,9.00
1772827756.0055792,None,21.67,None,21.67,None,13.00,None,55.33,None,29.02,None,55.35,None,13.00,None,4.33,None,17.34,None,52.67,None,8.67,None,9.00
1772827756.0782106,None,21.67,None,21.67,None,13.00,None,55.33,None,29.02,None,55.35,None,13.00,None,13.00,None,17.34,None,52.67,None,8.67,None,9.00
1772827756.0793138,None,21.67,None,21.67,None,13.00,None,55.33,None,29.02,None,55.35,None,13.00,None,13.00,None,17.34,None,52.67,None,8.67,None,9.00
1772827756.0962758,None,21.67,None,21.67,None,13.00,None,55.33,None,29.02,None,55.35,None,13.00,None,21.67,None,17.34,None,52.67,None,8.67,None,9.00
1772827756.097343,None,21.67,None,21.67,None,13.00,None,55.33,None,29.02,None,55.35,None,13.00,None,21.67,None,17.34,None,52.67,None,8.67,None,9.00
1772827774.9844012,None,21.67,None,26.00,None,13.00,None,55.33,None,29.02,None,55.35,None,13.00,None,21.67,None,17.34,None,52.67,None,8.67,None,9.00
1772827774.9865534,None,21.67,None,26.00,None,13.00,None,55.33,None,29.02,None,55.35,None,13.00,None,21.67,None,17.34,None,52.67,None,8.67,None,9.00
1772827775.013835,None,26.00,None,26.00,None,13.00,None,55.33,None,29.02,None,55.35,None,13.00,None,21.67,None,17.34,None,52.67,None,8.67,None,9.00
1772827775.0159335,None,26.00,None,26.00,None,13.00,None,55.33,None,29.02,None,55.35,None,13.00,None,21.67,None,17.34,None,52.67,None,8.67,None,9.00
1772827775.0430374,None,26.00,None,26.00,None,13.00,None,55.33,None,29.02,None,55.35,None,13.00,None,21.67,None,17.34,None,52.67,None,8.67,None,9.00
1772827775.0451267,None,26.00,None,26.00,None,13.00,None,55.33,None,29.02,None,55.35,None,13.00,None,21.67,None,17.34,None,52.67,None,8.67,None,9.00
1772827775.072559,None,26.00,None,26.00,None,13.00,None,55.33,None,29.02,None,55.35,None,13.00,None,21.67,None,17.34,None,52.67,None,8.67,None,9.00
1772827775.0747604,None,26.00,None,26.00,None,13.00,None,55.33,None,29.02,None,55.35,None,13.00,None,21.67,None,17.34,None,52.67,None,8.67,None,9.00
1772827775.1022866,None,26.00,None,26.00,None,13.00,None,55.33,None,29.02,None,55.35,None,13.00,None,21.67,None,17.34,None,52.67,None,8.67,None,9.00
1772827775.1045227,None,26.00,None,26.00,None,13.00,None,55.33,None,29.02,None,55.35,None,13.00,None,21.67,None,17.34,None,52.67,None,8.67,None,9.00
1772827775.1322024,None,26.00,None,26.00,None,13.00,None,55.33,None,29.02,None,55.35,None,13.00,None,21.67,None,17.34,None,52.67,None,8.67,None,9.00
1772827775.1343908,None,26.00,None,26.00,None,13.00,None,55.33,None,29.02,None,55.35,None,13.00,None,21.67,None,17.34,None,52.67,None,8.67,None,9.00
1772827796.0189838,None,17.33,None,26.00,None,13.00,None,55.33,None,0.00,None,55.35,None,0.00,None,21.67,None,17.34,None,52.67,None,8.67,None,9.00
1772827796.0210438,None,17.33,None,26.00,None,13.00,None,55.33,None,0.00,None,55.35,None,0.00,None,21.67,None,17.34,None,52.67,None,8.67,None,9.00
1772827796.0513873,None,26.00,None,26.00,None,13.00,None,55.33,None,0.00,None,55.35,None,0.00,None,26.00,None,17.34,None,52.67,None,8.67,None,9.00
1772827796.053354,None,26.00,None,26.00,None,13.00,None,55.33,None,0.00,None,55.35,None,0.00,None,26.00,None,17.34,None,52.67,None,8.67,None,9.00
1772827796.0831068,None,26.00,None,26.00,None,13.00,None,55.33,None,0.00,None,55.35,None,0.00,None,26.00,None,26.01,None,52.67,None,8.67,None,9.00
1772827796.0851853,None,26.00,None,26.00,None,13.00,None,55.33,None,0.00,None,55.35,None,0.00,None,26.00,None,26.01,None,52.67,None,8.67,None,9.00
1772827796.115029,None,26.00,None,26.00,None,13.00,None,55.33,None,0.00,None,55.35,None,0.00,None,26.00,None,39.01,None,52.67,None,8.67,None,9.00
1772827796.1171272,None,26.00,None,26.00,None,13.00,None,55.33,None,0.00,None,55.35,None,0.00,None,26.00,None,39.01,None,52.67,None,8.67,None,9.00
1772827796.1473327,None,26.00,None,26.00,None,13.00,None,55.33,None,0.00,None,55.35,None,9.00,None,26.00,None,39.01,None,52.67,None,8.67,None,9.00
1772827796.1495376,None,26.00,None,26.00,None,13.00,None,55.33,None,0.00,None,55.35,None,9.00,None,26.00,None,39.01,None,52.67,None,8.67,None,9.00
1772827796.1794913,None,26.00,None,26.00,None,13.00,None,55.33,None,9.00,None,55.35,None,9.00,None,26.00,None,39.01,None,52.67,None,8.67,None,9.00
1772827796.181634,None,26.00,None,26.00,None,13.00,None,55.33,None,9.00,None,55.35,None,9.00,None,26.00,None,39.01,None,52.67,None,8.67,None,9.00
1772827820.057221,None,26.00,None,26.00,None,4.33,None,15.66,None,17.67,None,25.01,None,13.33,None,26.00,None,39.01,None,52.67,None,0.00,None,9.00
1772827820.0593314,None,26.00,None,26.00,None,4.33,None,15.66,None,17.67,None,25.01,None,13.33,None,26.00,None,39.01,None,52.67,None,0.00,None,9.00
1772827820.2112193,None,26.00,None,26.00,None,4.33,None,19.66,None,26.34,None,25.01,None,13.33,None,26.00,None,39.01,None,52.67,None,4.33,None,9.00
1772827820.2133603,None,26.00,None,26.00,None,4.33,None,19.66,None,26.34,None,25.01,None,13.33,None,26.00,None,39.01,None,52.67,None,4.33,None,9.00
1772827820.24652,None,26.00,None,26.00,None,4.33,None,19.66,None,26.34,None,25.01,None,13.33,None,26.00,None,39.01,None,52.67,None,13.00,None,9.00
1772827820.2486334,None,26.00,None,26.00,None,4.33,None,19.66,None,26.34,None,25.01,None,13.33,None,26.00,None,39.01,None,52.67,None,13.00,None,9.00
1772827820.2807136,None,26.00,None,26.00,None,4.33,None,19.66,None,29.67,None,25.01,None,13.33,None,26.00,None,43.34,None,52.67,None,13.00,None,9.00
1772827820.2829018,None,26.00,None,26.00,None,4.33,None,19.66,None,29.67,None,25.01,None,13.33,None,26.00,None,43.34,None,52.67,None,13.00,None,9.00
1772827820.3166234,None,26.00,None,26.00,None,13.33,None,23.99,None,29.67,None,29.01,None,13.33,None,26.00,None,43.34,None,52.67,None,13.00,None,9.00
1772827820.3188221,None,26.00,None,26.00,None,13.33,None,23.99,None,29.67,None,29.01,None,13.33,None,26.00,None,43.34,None,52.67,None,13.00,None,9.00
1772827820.3504615,None,26.00,None,26.00,None,13.33,None,32.66,None,29.67,None,29.01,None,13.33,None,26.00,None,43.34,None,52.67,None,13.00,None,9.00
1772827820.3527508,None,26.00,None,26.00,None,13.33,None,32.66,None,29.67,None,29.01,None,13.33,None,26.00,None,43.34,None,52.67,None,13.00,None,9.00
1772827836.0983222,None,26.00,None,26.00,None,13.33,None,45.66,None,29.67,None,29.01,None,13.33,None,26.00,None,43.34,None,52.67,None,13.00,None,9.00
1772827836.100558,None,26.00,None,26.00,None,13.33,None,45.66,None,29.67,None,29.01,None,13.33,None,26.00,None,43.34,None,52.67,None,13.00,None,9.00
1772827836.1314006,None,26.00,None,26.00,None,13.33,None,54.33,None,29.67,None,29.01,None,13.33,None,26.00,None,43.34,None,52.67,None,13.00,None,9.00
1772827836.1336203,None,26.00,None,26.00,None,13.33,None,54.33,None,29.67,None,29.01,None,13.33,None,26.00,None,43.34,None,52.67,None,13.00,None,9.00
1772827836.1661654,None,27.67,None,26.00,None,13.33,None,54.33,None,29.67,None,38.01,None,13.33,None,26.00,None,43.34,None,52.67,None,13.00,None,12.33
1772827836.1687453,None,27.67,None,26.00,None,13.33,None,54.33,None,29.67,None,38.01,None,13.33,None,26.00,None,43.34,None,52.67,None,13.00,None,12.33
1772827836.1952245,None,29.34,None,26.00,None,13.33,None,54.33,None,29.67,None,46.68,None,13.33,None,26.00,None,43.34,None,52.67,None,13.00,None,12.33
1772827836.1965792,None,29.34,None,26.00,None,13.33,None,54.33,None,29.67,None,46.68,None,13.33,None,26.00,None,43.34,None,52.67,None,13.00,None,12.33
1772827836.2158637,None,29.34,None,26.00,None,13.33,None,54.33,None,29.67,None,46.68,None,13.33,None,26.00,None,43.34,None,52.67,None,13.00,None,12.33
1772827836.2172816,None,29.34,None,26.00,None,13.33,None,54.33,None,29.67,None,46.68,None,13.33,None,26.00,None,43.34,None,52.67,None,13.00,None,12.33
1772827836.2396612,None,29.34,None,26.00,None,13.33,None,54.33,None,29.67,None,46.68,None,13.33,None,26.00,None,43.34,None,52.67,None,13.00,None,12.33
1772827836.2410128,None,29.34,None,26.00,None,13.33,None,54.33,None,29.67,None,46.68,None,13.33,None,26.00,None,43.34,None,52.67,None,13.00,None,12.33
1772827854.133994,None,29.34,None,17.33,None,9.00,None,54.33,None,29.67,None,46.68,None,13.33,None,26.00,None,43.34,None,0.00,None,13.00,None,12.33
1772827854.1360753,None,29.34,None,17.33,None,9.00,None,54.33,None,29.67,None,46.68,None,13.33,None,26.00,None,43.34,None,0.00,None,13.00,None,12.33
1772827854.1668272,None,29.34,None,17.33,None,9.00,None,54.33,None,29.67,None,46.68,None,13.33,None,26.00,None,43.34,None,0.00,None,13.00,None,12.33
1772827854.1689088,None,29.34,None,17.33,None,9.00,None,54.33,None,29.67,None,46.68,None,13.33,None,26.00,None,43.34,None,0.00,None,13.00,None,12.33
1772827854.1995783,None,29.34,None,17.33,None,9.00,None,54.33,None,29.67,None,46.68,None,13.33,None,26.00,None,43.34,None,0.00,None,13.00,None,12.33
1772827854.201569,None,29.34,None,17.33,None,9.00,None,54.33,None,29.67,None,46.68,None,13.33,None,26.00,None,43.34,None,0.00,None,13.00,None,12.33
1772827854.3442101,None,29.34,None,17.33,None,9.00,None,54.33,None,29.67,None,46.68,None,13.33,None,26.00,None,43.34,None,0.00,None,13.00,None,12.33
1772827854.3463404,None,29.34,None,17.33,None,9.00,None,54.33,None,29.67,None,46.68,None,13.33,None,26.00,None,43.34,None,0.00,None,13.00,None,12.33
1772827854.377574,None,29.34,None,17.33,None,9.00,None,54.33,None,29.67,None,46.68,None,13.33,None,26.00,None,43.34,None,0.00,None,13.00,None,12.33
1772827854.3796449,None,29.34,None,17.33,None,9.00,None,54.33,None,29.67,None,46.68,None,13.33,None,26.00,None,43.34,None,0.00,None,13.00,None,12.33
1772827854.4105148,None,29.34,None,17.33,None,9.00,None,54.33,None,29.67,None,46.68,None,13.33,None,26.00,None,43.34,None,0.00,None,13.00,None,12.33
1772827854.4125965,None,29.34,None,17.33,None,9.00,None,54.33,None,29.67,None,46.68,None,13.33,None,26.00,None,43.34,None,0.00,None,13.00,None,12.33
1772827873.1676872,None,29.34,None,17.33,None,9.00,None,38.67,None,29.67,None,21.67,None,13.33,None,26.00,None,43.34,None,0.00,None,13.00,None,12.33
1772827873.1687129,None,29.34,None,17.33,None,9.00,None,38.67,None,29.67,None,21.67,None,13.33,None,26.00,None,43.34,None,0.00,None,13.00,None,12.33
1772827873.1890752,None,29.34,None,17.33,None,9.00,None,38.67,None,29.67,None,21.67,None,13.33,None,26.00,None,43.34,None,0.00,None,13.00,None,12.33
1772827873.1900828,None,29.34,None,17.33,None,9.00,None,38.67,None,29.67,None,21.67,None,13.33,None,26.00,None,43.34,None,0.00,None,13.00,None,12.33
1772827873.210225,None,29.34,None,17.33,None,9.00,None,38.67,None,29.67,None,21.67,None,13.33,None,26.00,None,43.34,None,0.00,None,13.00,None,12.33
1772827873.2112496,None,29.34,None,17.33,None,9.00,None,38.67,None,29.67,None,21.67,None,13.33,None,26.00,None,43.34,None,0.00,None,13.00,None,12.33
1772827873.2312162,None,29.34,None,17.33,None,9.00,None,38.67,None,29.67,None,21.67,None,13.33,None,26.00,None,43.34,None,0.00,None,13.00,None,12.33
1772827873.2322097,None,29.34,None,17.33,None,9.00,None,38.67,None,29.67,None,21.67,None,13.33,None,26.00,None,43.34,None,0.00,None,13.00,None,12.33
1772827873.252121,None,29.34,None,17.33,None,9.00,None,38.67,None,29.67,None,21.67,None,13.33,None,26.00,None,43.34,None,0.00,None,13.00,None,12.33
1772827873.253105,None,29.34,None,17.33,None,9.00,None,38.67,None,29.67,None,21.67,None,13.33,None,26.00,None,43.34,None,0.00,None,13.00,None,12.33
1772827873.27344,None,29.34,None,17.33,None,9.00,None,38.67,None,29.67,None,21.67,None,13.33,None,26.00,None,43.34,None,0.00,None,13.00,None,12.33
1772827873.2744923,None,29.34,None,17.33,None,9.00,None,38.67,None,29.67,None,21.67,None,13.33,None,26.00,None,43.34,None,0.00,None,13.00,None,12.33
1772827899.217356,None,25.01,None,0.00,None,9.00,None,52.00,None,29.67,None,30.34,None,13.33,None,4.33,None,26.00,None,0.00,None,13.00,None,12.33
1772827899.2188027,None,25.01,None,0.00,None,9.00,None,52.00,None,29.67,None,30.34,None,13.33,None,4.33,None,26.00,None,0.00,None,13.00,None,12.33
1772827899.252466,None,25.01,None,0.00,None,9.00,None,52.00,None,29.67,None,32.01,None,13.33,None,4.33,None,26.00,None,0.00,None,13.00,None,12.33
1772827899.253984,None,25.01,None,0.00,None,9.00,None,52.00,None,29.67,None,32.01,None,13.33,None,4.33,None,26.00,None,0.00,None,13.00,None,12.33
1772827899.2866468,None,25.01,None,0.00,None,9.00,None,52.00,None,29.67,None,33.68,None,13.33,None,4.33,None,26.00,None,0.00,None,13.00,None,12.33
1772827899.2874873,None,25.01,None,0.00,None,9.00,None,52.00,None,29.67,None,33.68,None,13.33,None,4.33,None,26.00,None,0.00,None,13.00,None,12.33
1772827899.308117,None,25.01,None,0.00,None,9.00,None,52.00,None,29.67,None,35.35,None,13.33,None,4.33,None,26.00,None,0.00,None,13.00,None,12.33
1772827899.3089325,None,25.01,None,0.00,None,9.00,None,52.00,None,29.67,None,35.35,None,13.33,None,4.33,None,26.00,None,0.00,None,13.00,None,12.33
1772827899.3402717,None,25.01,None,0.00,None,9.00,None,52.00,None,29.67,None,46.02,None,13.33,None,4.33,None,26.00,None,8.67,None,13.00,None,12.33
1772827899.341942,None,25.01,None,0.00,None,9.00,None,52.00,None,29.67,None,46.02,None,13.33,None,4.33,None,26.00,None,8.67,None,13.00,None,12.33
1772827899.463229,None,25.01,None,0.00,None,9.00,None,52.00,None,29.67,None,51.02,None,13.33,None,4.33,None,26.00,None,8.67,None,13.00,None,12.33
1772827899.4649568,None,25.01,None,0.00,None,9.00,None,52.00,None,29.67,None,51.02,None,13.33,None,4.33,None,26.00,None,8.67,None,13.00,None,12.33
1772827915.2603674,None,12.01,None,0.00,None,9.00,None,52.00,None,20.67,None,51.02,None,8.66,None,0.00,None,4.33,None,8.67,None,13.00,None,12.33
1772827915.2619328,None,12.01,None,0.00,None,9.00,None,52.00,None,20.67,None,51.02,None,8.66,None,0.00,None,4.33,None,8.67,None,13.00,None,12.33
1772827915.2968333,None,20.68,None,0.00,None,9.00,None,52.00,None,20.67,None,51.02,None,8.66,None,0.00,None,4.33,None,8.67,None,13.00,None,12.33
1772827915.298318,None,20.68,None,0.00,None,9.00,None,52.00,None,20.67,None,51.02,None,8.66,None,0.00,None,4.33,None,8.67,None,13.00,None,12.33
1772827915.3341255,None,20.68,None,0.00,None,9.00,None,52.00,None,29.34,None,51.02,None,8.66,None,0.00,None,4.33,None,8.67,None,13.00,None,12.33
1772827915.3357384,None,20.68,None,0.00,None,9.00,None,52.00,None,29.34,None,51.02,None,8.66,None,0.00,None,4.33,None,8.67,None,13.00,None,12.33
1772827915.3699417,None,20.68,None,0.00,None,9.00,None,52.00,None,29.34,None,51.02,None,11.99,None,0.00,None,4.33,None,8.67,None,13.00,None,12.33
1772827915.3715997,None,20.68,None,0.00,None,9.00,None,52.00,None,29.34,None,51.02,None,11.99,None,0.00,None,4.33,None,8.67,None,13.00,None,12.33
1772827915.4052193,None,29.35,None,0.00,None,9.00,None,52.00,None,29.34,None,51.02,None,13.66,None,0.00,None,4.33,None,8.67,None,13.00,None,12.33
1772827915.406945,None,29.35,None,0.00,None,9.00,None,52.00,None,29.34,None,51.02,None,13.66,None,0.00,None,4.33,None,8.67,None,13.00,None,12.33
1772827915.4399881,None,29.35,None,8.67,None,9.00,None,52.00,None,29.34,None,51.02,None,13.66,None,0.00,None,4.33,None,8.67,None,13.00,None,12.33
1772827915.4424999,None,29.35,None,8.67,None,9.00,None,52.00,None,29.34,None,51.02,None,13.66,None,0.00,None,4.33,None,8.67,None,13.00,None,12.33
1772827934.3023899,None,29.35,None,21.67,None,9.00,None,52.00,None,29.34,None,51.02,None,13.66,None,0.00,None,4.33,None,8.67,None,13.00,None,12.33
1772827934.3041434,None,29.35,None,21.67,None,9.00,None,52.00,None,29.34,None,51.02,None,13.66,None,0.00,None,4.33,None,8.67,None,13.00,None,12.33
1772827934.3327155,None,29.35,None,21.67,None,9.00,None,52.00,None,29.34,None,51.02,None,13.66,None,0.00,None,13.00,None,8.67,None,13.00,None,12.33
1772827934.3337846,None,29.35,None,21.67,None,9.00,None,52.00,None,29.34,None,51.02,None,13.66,None,0.00,None,13.00,None,8.67,None,13.00,None,12.33
1772827934.3548074,None,29.35,None,21.67,None,9.00,None,52.00,None,29.34,None,51.02,None,13.66,None,0.00,None,21.67,None,8.67,None,13.00,None,12.33
1772827934.3558636,None,29.35,None,21.67,None,9.00,None,52.00,None,29.34,None,51.02,None,13.66,None,0.00,None,21.67,None,8.67,None,13.00,None,12.33
1772827934.3763072,None,29.35,None,21.67,None,9.00,None,52.00,None,29.34,None,51.02,None,13.66,None,8.67,None,21.67,None,8.67,None,13.00,None,12.33
1772827934.3773332,None,29.35,None,21.67,None,9.00,None,52.00,None,29.34,None,51.02,None,13.66,None,8.67,None,21.67,None,8.67,None,13.00,None,12.33
1772827934.3973424,None,29.35,None,21.67,None,9.00,None,52.00,None,29.34,None,51.02,None,13.66,None,17.34,None,21.67,None,8.67,None,13.00,None,12.33
1772827934.398314,None,29.35,None,21.67,None,9.00,None,52.00,None,29.34,None,51.02,None,13.66,None,17.34,None,21.67,None,8.67,None,13.00,None,12.33
1772827934.4189677,None,29.35,None,21.67,None,9.00,None,52.00,None,29.34,None,51.02,None,13.66,None,26.01,None,21.67,None,8.67,None,13.00,None,12.33
1772827934.4202006,None,29.35,None,21.67,None,9.00,None,52.00,None,29.34,None,51.02,None,13.66,None,26.01,None,21.67,None,8.67,None,13.00,None,12.33
1772827954.335649,None,29.35,None,21.67,None,0.00,None,35.00,None,21.67,None,47.02,None,11.00,None,26.01,None,17.34,None,8.67,None,0.00,None,12.33
1772827954.3366022,None,29.35,None,21.67,None,0.00,None,35.00,None,21.67,None,47.02,None,11.00,None,26.01,None,17.34,None,8.67,None,0.00,None,12.33
1772827954.4244776,None,29.35,None,21.67,None,0.00,None,35.00,None,25.00,None,47.02,None,12.67,None,26.01,None,17.34,None,8.67,None,0.00,None,12.33
1772827954.4255147,None,29.35,None,21.67,None,0.00,None,35.00,None,25.00,None,47.02,None,12.67,None,26.01,None,17.34,None,8.67,None,0.00,None,12.33
1772827954.4468343,None,29.35,None,26.00,None,0.00,None,35.00,None,25.00,None,47.02,None,12.67,None,26.01,None,17.34,None,8.67,None,8.67,None,12.33
1772827954.4479547,None,29.35,None,26.00,None,0.00,None,35.00,None,25.00,None,47.02,None,12.67,None,26.01,None,17.34,None,8.67,None,8.67,None,12.33
1772827954.470874,None,29.35,None,26.00,None,0.00,None,35.00,None,28.33,None,47.02,None,12.67,None,26.01,None,17.34,None,8.67,None,8.67,None,12.33
1772827954.4719872,None,29.35,None,26.00,None,0.00,None,35.00,None,28.33,None,47.02,None,12.67,None,26.01,None,17.34,None,8.67,None,8.67,None,12.33
1772827954.493111,None,29.35,None,29.33,None,0.00,None,35.00,None,30.00,None,47.02,None,12.67,None,26.01,None,17.34,None,8.67,None,8.67,None,12.33
1772827954.4941354,None,29.35,None,29.33,None,0.00,None,35.00,None,30.00,None,47.02,None,12.67,None,26.01,None,17.34,None,8.67,None,8.67,None,12.33
1772827954.5149817,None,29.35,None,29.33,None,9.00,None,35.00,None,30.00,None,47.02,None,12.67,None,27.68,None,17.34,None,8.67,None,8.67,None,12.33
1772827954.516026,None,29.35,None,29.33,None,9.00,None,35.00,None,30.00,None,47.02,None,12.67,None,27.68,None,17.34,None,8.67,None,8.67,None,12.33
1772827971.3940372,None,26.01,None,29.33,None,9.00,None,26.33,None,30.00,None,42.35,None,12.67,None,27.68,None,17.34,None,8.67,None,8.67,None,9.00
1772827971.3959308,None,26.01,None,29.33,None,9.00,None,26.33,None,30.00,None,42.35,None,12.67,None,27.68,None,17.34,None,8.67,None,8.67,None,9.00
1772827971.4299333,None,26.01,None,29.33,None,9.00,None,39.66,None,30.00,None,51.02,None,12.67,None,27.68,None,17.34,None,8.67,None,8.67,None,9.00
1772827971.4318035,None,26.01,None,29.33,None,9.00,None,39.66,None,30.00,None,51.02,None,12.67,None,27.68,None,17.34,None,8.67,None,8.67,None,9.00
1772827971.4655552,None,26.01,None,29.33,None,9.00,None,48.33,None,30.00,None,51.02,None,12.67,None,27.68,None,17.34,None,8.67,None,8.67,None,9.00
1772827971.4674313,None,26.01,None,29.33,None,9.00,None,48.33,None,30.00,None,51.02,None,12.67,None,27.68,None,17.34,None,8.67,None,8.67,None,9.00
1772827971.5013435,None,26.01,None,29.33,None,9.00,None,48.33,None,30.00,None,54.35,None,12.67,None,27.68,None,17.34,None,8.67,None,8.67,None,9.00
1772827971.5033238,None,26.01,None,29.33,None,9.00,None,48.33,None,30.00,None,54.35,None,12.67,None,27.68,None,17.34,None,8.67,None,8.67,None,9.00
1772827971.5363607,None,26.01,None,29.33,None,9.00,None,48.33,None,30.00,None,54.35,None,12.67,None,27.68,None,17.34,None,8.67,None,8.67,None,9.00
1772827971.5384119,None,26.01,None,29.33,None,9.00,None,48.33,None,30.00,None,54.35,None,12.67,None,27.68,None,17.34,None,8.67,None,8.67,None,9.00
1772827971.5714757,None,26.01,None,29.33,None,9.00,None,48.33,None,30.00,None,54.35,None,12.67,None,27.68,None,17.34,None,8.67,None,8.67,None,9.00
1772827971.5735185,None,26.01,None,29.33,None,9.00,None,48.33,None,30.00,None,54.35,None,12.67,None,27.68,None,17.34,None,8.67,None,8.67,None,9.00
1772827989.426765,None,26.01,None,29.33,None,9.00,None,52.66,None,30.00,None,54.35,None,12.67,None,27.68,None,17.34,None,8.67,None,8.67,None,9.00
1772827989.4280038,None,26.01,None,29.33,None,9.00,None,52.66,None,30.00,None,54.35,None,12.67,None,27.68,None,17.34,None,8.67,None,8.67,None,9.00
1772827989.5187008,None,26.01,None,29.33,None,9.00,None,52.66,None,30.00,None,54.35,None,12.67,None,27.68,None,21.67,None,8.67,None,8.67,None,9.00
1772827989.5199075,None,26.01,None,29.33,None,9.00,None,52.66,None,30.00,None,54.35,None,12.67,None,27.68,None,21.67,None,8.67,None,8.67,None,9.00
1772827989.5411162,None,26.01,None,29.33,None,9.00,None,52.66,None,30.00,None,54.35,None,12.67,None,27.68,None,21.67,None,8.67,None,8.67,None,9.00
1772827989.542358,None,26.01,None,29.33,None,9.00,None,52.66,None,30.00,None,54.35,None,12.67,None,27.68,None,21.67,None,8.67,None,8.67,None,9.00
1772827989.5637693,None,26.01,None,29.33,None,9.00,None,52.66,None,30.00,None,54.35,None,12.67,None,27.68,None,21.67,None,8.67,None,8.67,None,9.00
1772827989.5650203,None,26.01,None,29.33,None,9.00,None,52.66,None,30.00,None,54.35,None,12.67,None,27.68,None,21.67,None,8.67,None,8.67,None,9.00
1772827989.5863724,None,26.01,None,29.33,None,9.00,None,52.66,None,30.00,None,54.35,None,12.67,None,27.68,None,21.67,None,8.67,None,8.67,None,9.00
1772827989.5876112,None,26.01,None,29.33,None,9.00,None,52.66,None,30.00,None,54.35,None,12.67,None,27.68,None,21.67,None,8.67,None,8.67,None,9.00
1772827989.6082041,None,26.01,None,29.33,None,9.00,None,52.66,None,30.00,None,54.35,None,12.67,None,27.68,None,30.34,None,8.67,None,8.67,None,9.00
1772827989.6093845,None,26.01,None,29.33,None,9.00,None,52.66,None,30.00,None,54.35,None,12.67,None,27.68,None,30.34,None,8.67,None,8.67,None,9.00
1772828008.4673083,None,26.01,None,29.33,None,9.00,None,52.66,None,30.00,None,54.35,None,12.67,None,29.35,None,39.01,None,8.67,None,8.67,None,9.00
1772828008.4698765,None,26.01,None,29.33,None,9.00,None,52.66,None,30.00,None,54.35,None,12.67,None,29.35,None,39.01,None,8.67,None,8.67,None,9.00
1772828008.5043614,None,26.01,None,29.33,None,9.00,None,52.66,None,30.00,None,54.35,None,12.67,None,29.35,None,52.01,None,8.67,None,8.67,None,9.00
1772828008.5068493,None,26.01,None,29.33,None,9.00,None,52.66,None,30.00,None,54.35,None,12.67,None,29.35,None,52.01,None,8.67,None,8.67,None,9.00
1772828008.5411549,None,26.01,None,29.33,None,9.00,None,52.66,None,30.00,None,54.35,None,12.67,None,29.35,None,53.68,None,8.67,None,8.67,None,9.00
1772828008.5437605,None,26.01,None,29.33,None,9.00,None,52.66,None,30.00,None,54.35,None,12.67,None,29.35,None,53.68,None,8.67,None,8.67,None,9.00
1772828008.5785487,None,26.01,None,29.33,None,9.00,None,52.66,None,30.00,None,54.35,None,12.67,None,29.35,None,55.35,None,8.67,None,8.67,None,9.00
1772828008.581152,None,26.01,None,29.33,None,9.00,None,52.66,None,30.00,None,54.35,None,12.67,None,29.35,None,55.35,None,8.67,None,8.67,None,9.00
1772828008.6161783,None,26.01,None,29.33,None,9.00,None,52.66,None,30.00,None,54.35,None,12.67,None,29.35,None,55.35,None,8.67,None,8.67,None,9.00
1772828008.6188893,None,26.01,None,29.33,None,9.00,None,52.66,None,30.00,None,54.35,None,12.67,None,29.35,None,55.35,None,8.67,None,8.67,None,9.00
1772828008.654074,None,26.01,None,29.33,None,9.00,None,52.66,None,30.00,None,54.35,None,12.67,None,29.35,None,55.35,None,8.67,None,8.67,None,9.00
1772828008.656828,None,26.01,None,29.33,None,9.00,None,52.66,None,30.00,None,54.35,None,12.67,None,29.35,None,55.35,None,8.67,None,8.67,None,9.00
1772828035.4957654,None,0.00,None,20.66,None,9.00,None,52.66,None,21.33,None,33.67,None,3.34,None,29.35,None,55.35,None,0.00,None,8.67,None,0.00
1772828035.49796,None,0.00,None,20.66,None,9.00,None,52.66,None,21.33,None,33.67,None,3.34,None,29.35,None,55.35,None,0.00,None,8.67,None,0.00
1772828035.654843,None,0.00,None,20.66,None,9.00,None,52.66,None,21.33,None,37.67,None,3.34,None,29.35,None,55.35,None,4.33,None,8.67,None,9.00
1772828035.6571097,None,0.00,None,20.66,None,9.00,None,52.66,None,21.33,None,37.67,None,3.34,None,29.35,None,55.35,None,4.33,None,8.67,None,9.00
1772828035.6965563,None,0.00,None,20.66,None,9.00,None,52.66,None,21.33,None,37.67,None,3.34,None,29.35,None,55.35,None,4.33,None,8.67,None,9.00
1772828035.6987727,None,0.00,None,20.66,None,9.00,None,52.66,None,21.33,None,37.67,None,3.34,None,29.35,None,55.35,None,4.33,None,8.67,None,9.00
1772828035.744974,None,0.00,None,20.66,None,9.00,None,52.66,None,21.33,None,37.67,None,3.34,None,29.35,None,55.35,None,4.33,None,8.67,None,9.00
1772828035.7472353,None,0.00,None,20.66,None,9.00,None,52.66,None,21.33,None,37.67,None,3.34,None,29.35,None,55.35,None,4.33,None,8.67,None,9.00
1772828035.7869806,None,0.00,None,20.66,None,9.00,None,52.66,None,21.33,None,37.67,None,3.34,None,29.35,None,55.35,None,4.33,None,8.67,None,9.00
1772828035.7893524,None,0.00,None,20.66,None,9.00,None,52.66,None,21.33,None,37.67,None,3.34,None,29.35,None,55.35,None,4.33,None,8.67,None,9.00
1772828035.8302846,None,0.00,None,20.66,None,9.00,None,52.66,None,21.33,None,46.67,None,3.34,None,29.35,None,55.35,None,13.00,None,8.67,None,9.00
1772828035.8327734,None,0.00,None,20.66,None,9.00,None,52.66,None,21.33,None,46.67,None,3.34,None,29.35,None,55.35,None,13.00,None,8.67,None,9.00
1772828054.5144675,None,0.00,None,7.66,None,9.00,None,52.66,None,21.33,None,55.34,None,3.34,None,3.34,None,38.01,None,17.33,None,8.67,None,9.00
1772828054.516049,None,0.00,None,7.66,None,9.00,None,52.66,None,21.33,None,55.34,None,3.34,None,3.34,None,38.01,None,17.33,None,8.67,None,9.00
1772828054.5460484,None,0.00,None,7.66,None,9.00,None,52.66,None,30.00,None,55.34,None,3.34,None,3.34,None,38.01,None,17.33,None,8.67,None,9.00
1772828054.5475848,None,0.00,None,7.66,None,9.00,None,52.66,None,30.00,None,55.34,None,3.34,None,3.34,None,38.01,None,17.33,None,8.67,None,9.00
1772828054.5720544,None,0.00,None,7.66,None,9.00,None,52.66,None,30.00,None,55.34,None,12.34,None,12.01,None,38.01,None,17.33,None,8.67,None,9.00
1772828054.5732923,None,0.00,None,7.66,None,9.00,None,52.66,None,30.00,None,55.34,None,12.34,None,12.01,None,38.01,None,17.33,None,8.67,None,9.00
1772828054.600767,None,9.00,None,7.66,None,9.00,None,54.33,None,30.00,None,55.34,None,12.34,None,20.68,None,38.01,None,17.33,None,13.00,None,9.00
1772828054.602311,None,9.00,None,7.66,None,9.00,None,54.33,None,30.00,None,55.34,None,12.34,None,20.68,None,38.01,None,17.33,None,13.00,None,9.00
1772828054.7040005,None,18.00,None,16.33,None,9.00,None,54.33,None,30.00,None,55.34,None,12.34,None,25.01,None,38.01,None,17.33,None,13.00,None,9.00
1772828054.7056289,None,18.00,None,16.33,None,9.00,None,54.33,None,30.00,None,55.34,None,12.34,None,25.01,None,38.01,None,17.33,None,13.00,None,9.00
1772828054.7321348,None,27.00,None,25.00,None,9.00,None,54.33,None,30.00,None,55.34,None,12.34,None,25.01,None,38.01,None,17.33,None,13.00,None,9.00
1772828054.7333832,None,27.00,None,25.00,None,9.00,None,54.33,None,30.00,None,55.34,None,12.34,None,25.01,None,38.01,None,17.33,None,13.00,None,9.00
1772828055.8244927,None,27.00,None,29.33,None,9.00,None,54.33,None,30.00,None,55.34,None,12.34,None,23.34,None,None,None,17.33,None,13.00,None,9.00
1772828055.825628,None,27.00,None,29.33,None,9.00,None,54.33,None,30.00,None,55.34,None,12.34,None,23.34,None,None,None,17.33,None,13.00,None,9.00
1772828055.849183,None,27.00,None,29.33,None,9.00,None,54.33,None,30.00,None,55.34,None,12.34,None,25.01,None,None,None,17.33,None,13.00,None,9.00
1772828055.8503466,None,27.00,None,29.33,None,9.00,None,54.33,None,30.00,None,55.34,None,12.34,None,25.01,None,None,None,17.33,None,13.00,None,9.00
1772828055.8737087,None,27.00,None,29.33,None,9.00,None,54.33,None,30.00,None,55.34,None,12.34,None,25.01,None,None,None,21.33,None,13.00,None,9.00
1772828055.8748841,None,27.00,None,29.33,None,9.00,None,54.33,None,30.00,None,55.34,None,12.34,None,25.01,None,None,None,21.33,None,13.00,None,9.00
1772828055.8983204,None,27.00,None,29.33,None,9.00,None,54.33,None,30.00,None,55.34,None,12.34,None,29.34,None,None,None,21.33,None,13.00,None,9.00
1772828055.8995423,None,27.00,None,29.33,None,9.00,None,54.33,None,30.00,None,55.34,None,12.34,None,29.34,None,None,None,21.33,None,13.00,None,9.00
1772828055.9228673,None,27.00,None,29.33,None,9.00,None,54.33,None,30.00,None,55.34,None,12.34,None,29.34,None,None,None,25.66,None,13.00,None,9.00
1772828055.9240818,None,27.00,None,29.33,None,9.00,None,54.33,None,30.00,None,55.34,None,12.34,None,29.34,None,None,None,25.66,None,13.00,None,9.00
1772828055.9473734,None,27.00,None,29.33,None,9.00,None,54.33,None,30.00,None,55.34,None,12.34,None,29.34,None,None,None,29.99,None,13.00,None,9.00
1772828055.9486668,None,27.00,None,29.33,None,9.00,None,54.33,None,30.00,None,55.34,None,12.34,None,29.34,None,None,None,29.99,None,13.00,None,9.00
1772828055.97151,None,27.00,None,29.33,None,9.00,None,54.33,None,30.00,None,55.34,None,12.34,None,29.34,None,None,None,29.99,None,13.00,None,9.00
1772828055.9727323,None,27.00,None,29.33,None,9.00,None,54.33,None,30.00,None,55.34,None,12.34,None,29.34,None,None,None,29.99,None,13.00,None,9.00
1772828055.9953125,None,27.00,None,29.33,None,9.00,None,54.33,None,30.00,None,55.34,None,12.34,None,29.34,None,None,None,29.99,None,13.00,None,9.00
1772828055.9965167,None,27.00,None,29.33,None,9.00,None,54.33,None,30.00,None,55.34,None,12.34,None,29.34,None,None,None,29.99,None,13.00,None,9.00
1772828056.0884225,None,27.00,None,29.33,None,9.00,None,54.33,None,30.00,None,55.34,None,12.34,None,29.34,None,None,None,29.99,None,13.00,None,9.00
1772828056.0897007,None,27.00,None,29.33,None,9.00,None,54.33,None,30.00,None,55.34,None,12.34,None,29.34,None,None,None,29.99,None,13.00,None,9.00
1772828056.1124704,None,27.00,None,29.33,None,9.00,None,54.33,None,30.00,None,55.34,None,12.34,None,29.34,None,None,None,29.99,None,13.00,None,9.00
1772828056.113802,None,27.00,None,29.33,None,9.00,None,54.33,None,30.00,None,55.34,None,12.34,None,29.34,None,None,None,29.99,None,13.00,None,9.00
1772828056.1407933,None,27.00,None,29.33,None,9.00,None,54.33,None,30.00,None,55.34,None,12.34,None,29.34,None,None,None,29.99,None,13.00,None,9.00
1772828056.143303,None,27.00,None,29.33,None,9.00,None,54.33,None,30.00,None,55.34,None,12.34,None,29.34,None,None,None,29.99,None,13.00,None,9.00
1772828078.5230305,None,27.00,None,29.33,None,9.00,None,54.33,None,30.00,None,55.34,None,12.34,None,29.34,None,13.00,None,29.99,None,13.00,None,9.00
1772828078.5244627,None,27.00,None,29.33,None,9.00,None,54.33,None,30.00,None,55.34,None,12.34,None,29.34,None,13.00,None,29.99,None,13.00,None,9.00
1772828078.551049,None,27.00,None,29.33,None,9.00,None,54.33,None,30.00,None,55.34,None,12.34,None,29.34,None,13.00,None,38.66,None,13.00,None,9.00
1772828078.5524511,None,27.00,None,29.33,None,9.00,None,54.33,None,30.00,None,55.34,None,12.34,None,29.34,None,13.00,None,38.66,None,13.00,None,9.00
1772828078.5802777,None,27.00,None,29.33,None,9.00,None,54.33,None,30.00,None,55.34,None,12.34,None,29.34,None,13.00,None,51.66,None,13.00,None,9.00
1772828078.5825763,None,27.00,None,29.33,None,9.00,None,54.33,None,30.00,None,55.34,None,12.34,None,29.34,None,13.00,None,51.66,None,13.00,None,9.00
1772828078.6099207,None,27.00,None,29.33,None,9.00,None,54.33,None,30.00,None,55.34,None,12.34,None,29.34,None,21.67,None,51.66,None,13.00,None,9.00
1772828078.6113539,None,27.00,None,29.33,None,9.00,None,54.33,None,30.00,None,55.34,None,12.34,None,29.34,None,21.67,None,51.66,None,13.00,None,9.00
1772828078.6364918,None,27.00,None,29.33,None,9.00,None,54.33,None,30.00,None,55.34,None,12.34,None,29.34,None,30.34,None,51.66,None,13.00,None,9.00
1772828078.6383395,None,27.00,None,29.33,None,9.00,None,54.33,None,30.00,None,55.34,None,12.34,None,29.34,None,30.34,None,51.66,None,13.00,None,9.00
1772828078.7321196,None,27.00,None,29.33,None,9.00,None,54.33,None,30.00,None,55.34,None,12.34,None,29.34,None,39.01,None,51.66,None,13.00,None,9.00
1772828078.7335415,None,27.00,None,29.33,None,9.00,None,54.33,None,30.00,None,55.34,None,12.34,None,29.34,None,39.01,None,51.66,None,13.00,None,9.00
1772828090.5452738,None,27.00,None,29.33,None,9.00,None,54.33,None,30.00,None,55.34,None,12.34,None,29.34,None,51.68,None,51.66,None,13.00,None,9.00
1772828090.5469625,None,27.00,None,29.33,None,9.00,None,54.33,None,30.00,None,55.34,None,12.34,None,29.34,None,51.68,None,51.66,None,13.00,None,9.00
1772828090.5734613,None,27.00,None,29.33,None,9.00,None,54.33,None,30.00,None,55.34,None,12.34,None,29.34,None,51.68,None,51.66,None,13.00,None,9.00
1772828090.5752902,None,27.00,None,29.33,None,9.00,None,54.33,None,30.00,None,55.34,None,12.34,None,29.34,None,51.68,None,51.66,None,13.00,None,9.00
1772828090.6001709,None,27.00,None,29.33,None,12.33,None,54.33,None,30.00,None,55.34,None,12.34,None,29.34,None,51.68,None,51.66,None,13.00,None,9.00
1772828090.6019,None,27.00,None,29.33,None,12.33,None,54.33,None,30.00,None,55.34,None,12.34,None,29.34,None,51.68,None,51.66,None,13.00,None,9.00
1772828090.629363,None,27.00,None,29.33,None,12.33,None,54.33,None,30.00,None,55.34,None,12.34,None,29.34,None,51.68,None,51.66,None,13.00,None,9.00
1772828090.6311731,None,27.00,None,29.33,None,12.33,None,54.33,None,30.00,None,55.34,None,12.34,None,29.34,None,51.68,None,51.66,None,13.00,None,9.00
1772828090.6551943,None,27.00,None,29.33,None,12.33,None,54.33,None,30.00,None,55.34,None,12.34,None,29.34,None,51.68,None,51.66,None,13.00,None,9.00
1772828090.6568077,None,27.00,None,29.33,None,12.33,None,54.33,None,30.00,None,55.34,None,12.34,None,29.34,None,51.68,None,51.66,None,13.00,None,9.00
1772828090.683093,None,27.00,None,29.33,None,12.33,None,54.33,None,30.00,None,55.34,None,12.34,None,29.34,None,51.68,None,51.66,None,13.00,None,9.00
1772828090.6849139,None,27.00,None,29.33,None,12.33,None,54.33,None,30.00,None,55.34,None,12.34,None,29.34,None,51.68,None,51.66,None,13.00,None,9.00
1772828107.6061463,None,27.00,None,21.67,None,12.00,None,19.00,None,8.67,None,38.00,None,9.00,None,27.67,None,51.68,None,43.33,None,13.33,None,9.00
1772828107.6072917,None,27.00,None,21.67,None,12.00,None,19.00,None,8.67,None,38.00,None,9.00,None,27.67,None,51.68,None,43.33,None,13.33,None,9.00
1772828107.6332054,None,27.00,None,21.67,None,12.00,None,32.33,None,8.67,None,46.67,None,9.00,None,27.67,None,51.68,None,43.33,None,13.33,None,9.00
1772828107.634332,None,27.00,None,21.67,None,12.00,None,32.33,None,8.67,None,46.67,None,9.00,None,27.67,None,51.68,None,43.33,None,13.33,None,9.00
1772828107.7260091,None,27.00,None,21.67,None,12.00,None,41.33,None,8.67,None,55.34,None,9.00,None,27.67,None,51.68,None,43.33,None,13.33,None,9.00
1772828107.7271395,None,27.00,None,21.67,None,12.00,None,41.33,None,8.67,None,55.34,None,9.00,None,27.67,None,51.68,None,43.33,None,13.33,None,9.00
1772828107.7526312,None,27.00,None,21.67,None,12.00,None,41.33,None,8.67,None,55.34,None,9.00,None,27.67,None,51.68,None,43.33,None,13.33,None,9.00
1772828107.7537699,None,27.00,None,21.67,None,12.00,None,41.33,None,8.67,None,55.34,None,9.00,None,27.67,None,51.68,None,43.33,None,13.33,None,9.00
1772828107.779295,None,27.00,None,21.67,None,12.00,None,41.33,None,8.67,None,55.34,None,9.00,None,27.67,None,51.68,None,43.33,None,13.33,None,9.00
1772828107.7804015,None,27.00,None,21.67,None,12.00,None,41.33,None,8.67,None,55.34,None,9.00,None,27.67,None,51.68,None,43.33,None,13.33,None,9.00
1772828107.8058426,None,27.00,None,21.67,None,12.00,None,41.33,None,8.67,None,55.34,None,9.00,None,27.67,None,51.68,None,43.33,None,13.33,None,9.00
1772828107.80697,None,27.00,None,21.67,None,12.00,None,41.33,None,8.67,None,55.34,None,9.00,None,27.67,None,51.68,None,43.33,None,13.33,None,9.00
1772828135.638031,None,27.00,None,17.34,None,12.00,None,54.33,None,8.67,None,55.34,None,9.00,None,27.67,None,51.68,None,43.33,None,13.33,None,9.00
1772828135.6402462,None,27.00,None,17.34,None,12.00,None,54.33,None,8.67,None,55.34,None,9.00,None,27.67,None,51.68,None,43.33,None,13.33,None,9.00
1772828135.681788,None,27.00,None,17.34,None,13.67,None,54.33,None,8.67,None,55.34,None,9.00,None,27.67,None,51.68,None,43.33,None,13.33,None,9.00
1772828135.6830206,None,27.00,None,17.34,None,13.67,None,54.33,None,8.67,None,55.34,None,9.00,None,27.67,None,51.68,None,43.33,None,13.33,None,9.00
1772828135.7093918,None,27.00,None,17.34,None,13.67,None,54.33,None,17.34,None,55.34,None,13.33,None,27.67,None,51.68,None,43.33,None,13.33,None,9.00
1772828135.71065,None,27.00,None,17.34,None,13.67,None,54.33,None,17.34,None,55.34,None,13.33,None,27.67,None,51.68,None,43.33,None,13.33,None,9.00
1772828135.7368782,None,27.00,None,17.34,None,13.67,None,54.33,None,21.67,None,55.34,None,13.33,None,27.67,None,51.68,None,43.33,None,13.33,None,9.00
1772828135.738172,None,27.00,None,17.34,None,13.67,None,54.33,None,21.67,None,55.34,None,13.33,None,27.67,None,51.68,None,43.33,None,13.33,None,9.00
1772828135.8402164,None,27.00,None,17.34,None,13.67,None,54.33,None,21.67,None,55.34,None,13.33,None,27.67,None,51.68,None,43.33,None,13.33,None,9.00
1772828135.8415613,None,27.00,None,17.34,None,13.67,None,54.33,None,21.67,None,55.34,None,13.33,None,27.67,None,51.68,None,43.33,None,13.33,None,9.00
1772828135.8699977,None,27.00,None,17.34,None,13.67,None,54.33,None,25.00,None,55.34,None,13.33,None,27.67,None,51.68,None,43.33,None,13.33,None,9.00
1772828135.8713403,None,27.00,None,17.34,None,13.67,None,54.33,None,25.00,None,55.34,None,13.33,None,27.67,None,51.68,None,43.33,None,13.33,None,9.00
1772828157.6674545,None,27.00,None,17.34,None,13.67,None,45.33,None,28.33,None,33.67,None,13.33,None,21.67,None,51.68,None,26.00,None,13.33,None,9.00
1772828157.6694431,None,27.00,None,17.34,None,13.67,None,45.33,None,28.33,None,33.67,None,13.33,None,21.67,None,51.68,None,26.00,None,13.33,None,9.00
1772828157.7132492,None,27.00,None,17.34,None,13.67,None,45.33,None,28.33,None,33.67,None,13.33,None,21.67,None,51.68,None,26.00,None,13.33,None,9.00
1772828157.7152417,None,27.00,None,17.34,None,13.67,None,45.33,None,28.33,None,33.67,None,13.33,None,21.67,None,51.68,None,26.00,None,13.33,None,9.00
1772828157.759308,None,27.00,None,17.34,None,13.67,None,54.00,None,28.33,None,38.00,None,13.33,None,21.67,None,51.68,None,26.00,None,13.33,None,9.00
1772828157.7613387,None,27.00,None,17.34,None,13.67,None,54.00,None,28.33,None,38.00,None,13.33,None,21.67,None,51.68,None,26.00,None,13.33,None,9.00
1772828157.8047295,None,27.00,None,17.34,None,13.67,None,54.00,None,28.33,None,38.00,None,13.33,None,21.67,None,51.68,None,26.00,None,13.33,None,12.33
1772828157.8068109,None,27.00,None,17.34,None,13.67,None,54.00,None,28.33,None,38.00,None,13.33,None,21.67,None,51.68,None,26.00,None,13.33,None,12.33
1772828157.8499658,None,27.00,None,26.01,None,13.67,None,54.00,None,28.33,None,38.00,None,13.33,None,21.67,None,51.68,None,26.00,None,13.33,None,12.33
1772828157.8521178,None,27.00,None,26.01,None,13.67,None,54.00,None,28.33,None,38.00,None,13.33,None,21.67,None,51.68,None,26.00,None,13.33,None,12.33
1772828157.8948638,None,27.00,None,29.34,None,13.67,None,54.00,None,28.33,None,38.00,None,13.33,None,21.67,None,51.68,None,26.00,None,13.33,None,12.33
1772828157.897063,None,27.00,None,29.34,None,13.67,None,54.00,None,28.33,None,38.00,None,13.33,None,21.67,None,51.68,None,26.00,None,13.33,None,12.33
1772828175.9749868,None,0.00,None,0.00,None,0.00,None,None,None,16.33,None,0.00,None,4.33,None,0.00,None,51.68,None,21.67,None,13.00,None,9.00
1772828175.976356,None,0.00,None,0.00,None,0.00,None,None,None,16.33,None,0.00,None,4.33,None,0.00,None,51.68,None,21.67,None,13.00,None,9.00
1772828176.040302,None,0.00,None,0.00,None,9.00,None,None,None,20.66,None,0.00,None,4.33,None,0.00,None,51.68,None,21.67,None,13.00,None,9.00
1772828176.0417333,None,0.00,None,0.00,None,9.00,None,None,None,20.66,None,0.00,None,4.33,None,0.00,None,51.68,None,21.67,None,13.00,None,9.00
1772828176.085183,None,0.00,None,0.00,None,9.00,None,None,None,20.66,None,4.00,None,4.33,None,0.00,None,51.68,None,26.00,None,13.00,None,9.00
1772828176.0880144,None,0.00,None,0.00,None,9.00,None,None,None,20.66,None,4.00,None,4.33,None,0.00,None,51.68,None,26.00,None,13.00,None,9.00
1772828176.1740053,None,0.00,None,0.00,None,12.33,None,None,None,20.66,None,4.00,None,4.33,None,0.00,None,51.68,None,26.00,None,13.00,None,9.00
1772828176.1756845,None,0.00,None,0.00,None,12.33,None,None,None,20.66,None,4.00,None,4.33,None,0.00,None,51.68,None,26.00,None,13.00,None,9.00
1772828176.2250307,None,0.00,None,0.00,None,12.33,None,None,None,29.33,None,4.00,None,8.66,None,0.00,None,51.68,None,26.00,None,13.00,None,9.00
1772828176.2268279,None,0.00,None,0.00,None,12.33,None,None,None,29.33,None,4.00,None,8.66,None,0.00,None,51.68,None,26.00,None,13.00,None,9.00
1772828176.269832,None,8.67,None,0.00,None,12.33,None,None,None,29.33,None,8.33,None,8.66,None,0.00,None,51.68,None,26.00,None,13.00,None,9.00
1772828176.271579,None,8.67,None,0.00,None,12.33,None,None,None,29.33,None,8.33,None,8.66,None,0.00,None,51.68,None,26.00,None,13.00,None,9.00
1772828176.312557,None,8.67,None,0.00,None,12.33,None,None,None,29.33,None,17.33,None,8.66,None,0.00,None,51.68,None,39.00,None,13.00,None,9.00
1772828176.3142457,None,8.67,None,0.00,None,12.33,None,None,None,29.33,None,17.33,None,8.66,None,0.00,None,51.68,None,39.00,None,13.00,None,9.00
1772828176.3560815,None,8.67,None,0.00,None,12.33,None,None,None,29.33,None,26.33,None,8.66,None,0.00,None,51.68,None,47.67,None,13.00,None,9.00
1772828176.3579578,None,8.67,None,0.00,None,12.33,None,None,None,29.33,None,26.33,None,8.66,None,0.00,None,51.68,None,47.67,None,13.00,None,9.00
1772828176.5173302,None,8.67,None,0.00,None,12.33,None,None,None,29.33,None,35.33,None,8.66,None,0.00,None,51.68,None,47.67,None,13.00,None,9.00
1772828176.5191228,None,8.67,None,0.00,None,12.33,None,None,None,29.33,None,35.33,None,8.66,None,0.00,None,51.68,None,47.67,None,13.00,None,9.00
1772828176.560954,None,17.34,None,0.00,None,12.33,None,None,None,29.33,None,35.33,None,8.66,None,0.00,None,51.68,None,47.67,None,13.00,None,9.00
1772828176.5627532,None,17.34,None,0.00,None,12.33,None,None,None,29.33,None,35.33,None,8.66,None,0.00,None,51.68,None,47.67,None,13.00,None,9.00
1772828176.6049209,None,26.01,None,0.00,None,12.33,None,None,None,29.33,None,35.33,None,8.66,None,0.00,None,51.68,None,52.00,None,13.00,None,9.00
1772828176.6067078,None,26.01,None,0.00,None,12.33,None,None,None,29.33,None,35.33,None,8.66,None,0.00,None,51.68,None,52.00,None,13.00,None,9.00
1772828176.6482434,None,26.01,None,0.00,None,12.33,None,None,None,29.33,None,46.00,None,8.66,None,0.00,None,51.68,None,52.00,None,13.00,None,9.00
1772828176.650163,None,26.01,None,0.00,None,12.33,None,None,None,29.33,None,46.00,None,8.66,None,0.00,None,51.68,None,52.00,None,13.00,None,9.00
1772828177.6859238,None,26.01,None,0.00,None,12.33,None,None,None,29.33,None,55.00,None,8.66,None,4.33,None,51.68,None,52.00,None,13.00,None,9.00
1772828177.6878164,None,26.01,None,0.00,None,12.33,None,None,None,29.33,None,55.00,None,8.66,None,4.33,None,51.68,None,52.00,None,13.00,None,9.00
1772828177.7298138,None,26.01,None,0.00,None,12.33,None,None,None,29.33,None,55.00,None,8.66,None,4.33,None,51.68,None,55.33,None,13.00,None,9.00
1772828177.731686,None,26.01,None,0.00,None,12.33,None,None,None,29.33,None,55.00,None,8.66,None,4.33,None,51.68,None,55.33,None,13.00,None,9.00
1772828177.773407,None,26.01,None,0.00,None,12.33,None,None,None,29.33,None,55.00,None,8.66,None,13.00,None,51.68,None,55.33,None,13.00,None,9.00
1772828177.7754626,None,26.01,None,0.00,None,12.33,None,None,None,29.33,None,55.00,None,8.66,None,13.00,None,51.68,None,55.33,None,13.00,None,9.00
1772828177.9076664,None,26.01,None,0.00,None,12.33,None,None,None,29.33,None,55.00,None,8.66,None,21.67,None,51.68,None,55.33,None,13.00,None,9.00
1772828177.9087415,None,26.01,None,0.00,None,12.33,None,None,None,29.33,None,55.00,None,8.66,None,21.67,None,51.68,None,55.33,None,13.00,None,9.00
1772828177.9400039,None,26.01,None,8.67,None,12.33,None,None,None,29.33,None,55.00,None,8.66,None,21.67,None,51.68,None,55.33,None,13.00,None,9.00
1772828177.9421282,None,26.01,None,8.67,None,12.33,None,None,None,29.33,None,55.00,None,8.66,None,21.67,None,51.68,None,55.33,None,13.00,None,9.00
1772828177.9843001,None,26.01,None,17.34,None,12.33,None,None,None,29.33,None,55.00,None,8.66,None,21.67,None,51.68,None,55.33,None,13.00,None,9.00
1772828177.9865346,None,26.01,None,17.34,None,12.33,None,None,None,29.33,None,55.00,None,8.66,None,21.67,None,51.68,None,55.33,None,13.00,None,9.00
1772828193.7273772,None,26.01,None,26.01,None,12.33,None,None,None,29.33,None,55.00,None,12.99,None,21.67,None,51.68,None,55.33,None,13.00,None,9.00
1772828193.7296576,None,26.01,None,26.01,None,12.33,None,None,None,29.33,None,55.00,None,12.99,None,21.67,None,51.68,None,55.33,None,13.00,None,9.00
1772828193.772389,None,27.68,None,29.34,None,12.33,None,None,None,29.33,None,55.00,None,12.99,None,21.67,None,51.68,None,55.33,None,13.00,None,9.00
1772828193.7746992,None,27.68,None,29.34,None,12.33,None,None,None,29.33,None,55.00,None,12.99,None,21.67,None,51.68,None,55.33,None,13.00,None,9.00
1772828193.8167489,None,29.35,None,29.34,None,12.33,None,None,None,29.33,None,55.00,None,12.99,None,25.00,None,51.68,None,55.33,None,13.00,None,9.00
1772828193.8190386,None,29.35,None,29.34,None,12.33,None,None,None,29.33,None,55.00,None,12.99,None,25.00,None,51.68,None,55.33,None,13.00,None,9.00
1772828193.8610883,None,29.35,None,29.34,None,12.33,None,None,None,29.33,None,55.00,None,12.99,None,29.33,None,51.68,None,55.33,None,13.00,None,9.00
1772828193.8634512,None,29.35,None,29.34,None,12.33,None,None,None,29.33,None,55.00,None,12.99,None,29.33,None,51.68,None,55.33,None,13.00,None,9.00
1772828193.905665,None,29.35,None,29.34,None,12.33,None,None,None,29.33,None,55.00,None,12.99,None,29.33,None,51.68,None,55.33,None,13.00,None,9.00
1772828193.9080608,None,29.35,None,29.34,None,12.33,None,None,None,29.33,None,55.00,None,12.99,None,29.33,None,51.68,None,55.33,None,13.00,None,9.00
1772828194.0813289,None,29.35,None,29.34,None,12.33,None,None,None,29.33,None,55.00,None,12.99,None,29.33,None,51.68,None,55.33,None,13.00,None,9.00
1772828194.0838706,None,29.35,None,29.34,None,12.33,None,None,None,29.33,None,55.00,None,12.99,None,29.33,None,51.68,None,55.33,None,13.00,None,9.00
1772828224.7841802,None,29.35,None,29.34,None,12.33,None,4.33,None,29.33,None,42.00,None,12.99,None,29.33,None,0.00,None,29.33,None,13.00,None,9.00
1772828224.7863379,None,29.35,None,29.34,None,12.33,None,4.33,None,29.33,None,42.00,None,12.99,None,29.33,None,0.00,None,29.33,None,13.00,None,9.00
1772828224.835138,None,29.35,None,29.34,None,12.33,None,13.00,None,29.33,None,42.00,None,12.99,None,29.33,None,0.00,None,29.33,None,13.00,None,9.00
1772828224.8372967,None,29.35,None,29.34,None,12.33,None,13.00,None,29.33,None,42.00,None,12.99,None,29.33,None,0.00,None,29.33,None,13.00,None,9.00
1772828224.8854847,None,29.35,None,29.34,None,12.33,None,21.67,None,29.33,None,42.00,None,12.99,None,29.33,None,0.00,None,29.33,None,13.00,None,9.00
1772828224.887734,None,29.35,None,29.34,None,12.33,None,21.67,None,29.33,None,42.00,None,12.99,None,29.33,None,0.00,None,29.33,None,13.00,None,9.00
1772828224.9344583,None,29.35,None,29.34,None,12.33,None,30.67,None,29.33,None,50.67,None,12.99,None,29.33,None,0.00,None,29.33,None,13.00,None,9.00
1772828224.9369535,None,29.35,None,29.34,None,12.33,None,30.67,None,29.33,None,50.67,None,12.99,None,29.33,None,0.00,None,29.33,None,13.00,None,9.00
1772828224.9838383,None,29.35,None,29.34,None,12.33,None,39.34,None,29.33,None,50.67,None,12.99,None,29.33,None,4.33,None,29.33,None,13.00,None,9.00
1772828224.986133,None,29.35,None,29.34,None,12.33,None,39.34,None,29.33,None,50.67,None,12.99,None,29.33,None,4.33,None,29.33,None,13.00,None,9.00
1772828225.1678889,None,29.35,None,29.34,None,12.33,None,48.01,None,29.33,None,50.67,None,12.99,None,29.33,None,4.33,None,29.33,None,13.00,None,9.00
1772828225.170191,None,29.35,None,29.34,None,12.33,None,48.01,None,29.33,None,50.67,None,12.99,None,29.33,None,4.33,None,29.33,None,13.00,None,9.00
1772828246.811411,None,29.35,None,29.34,None,12.33,None,52.01,None,29.33,None,35.33,None,12.99,None,29.33,None,4.33,None,16.33,None,13.00,None,9.00
1772828246.813611,None,29.35,None,29.34,None,12.33,None,52.01,None,29.33,None,35.33,None,12.99,None,29.33,None,4.33,None,16.33,None,13.00,None,9.00
1772828246.8591137,None,29.35,None,29.34,None,12.33,None,52.01,None,29.33,None,48.33,None,12.99,None,29.33,None,4.33,None,29.33,None,13.00,None,9.00
1772828246.8612862,None,29.35,None,29.34,None,12.33,None,52.01,None,29.33,None,48.33,None,12.99,None,29.33,None,4.33,None,29.33,None,13.00,None,9.00
1772828246.9076216,None,29.35,None,29.34,None,12.33,None,52.01,None,29.33,None,53.33,None,12.99,None,29.33,None,4.33,None,29.33,None,13.00,None,9.00
1772828246.909984,None,29.35,None,29.34,None,12.33,None,52.01,None,29.33,None,53.33,None,12.99,None,29.33,None,4.33,None,29.33,None,13.00,None,9.00
1772828246.9567041,None,29.35,None,29.34,None,12.33,None,52.01,None,29.33,None,55.00,None,12.99,None,29.33,None,4.33,None,38.00,None,13.00,None,9.00
1772828246.9592314,None,29.35,None,29.34,None,12.33,None,52.01,None,29.33,None,55.00,None,12.99,None,29.33,None,4.33,None,38.00,None,13.00,None,9.00
1772828247.0081081,None,29.35,None,29.34,None,12.33,None,52.01,None,29.33,None,55.00,None,12.99,None,29.33,None,4.33,None,46.67,None,13.00,None,9.00
1772828247.0105772,None,29.35,None,29.34,None,12.33,None,52.01,None,29.33,None,55.00,None,12.99,None,29.33,None,4.33,None,46.67,None,13.00,None,9.00
1772828247.0567172,None,29.35,None,29.34,None,12.33,None,52.01,None,29.33,None,55.00,None,12.99,None,29.33,None,4.33,None,55.34,None,13.00,None,9.00
1772828247.0591915,None,29.35,None,29.34,None,12.33,None,52.01,None,29.33,None,55.00,None,12.99,None,29.33,None,4.33,None,55.34,None,13.00,None,9.00
1772828267.966047,None,20.68,None,29.34,None,9.00,None,53.68,None,13.00,None,55.00,None,8.66,None,29.33,None,4.33,None,51.01,None,13.00,None,9.00
1772828267.968391,None,20.68,None,29.34,None,9.00,None,53.68,None,13.00,None,55.00,None,8.66,None,29.33,None,4.33,None,51.01,None,13.00,None,9.00
1772828268.0168054,None,20.68,None,29.34,None,9.00,None,55.35,None,13.00,None,55.00,None,8.66,None,29.33,None,4.33,None,51.01,None,13.00,None,9.00
1772828268.0190465,None,20.68,None,29.34,None,9.00,None,55.35,None,13.00,None,55.00,None,8.66,None,29.33,None,4.33,None,51.01,None,13.00,None,9.00
1772828268.0678964,None,20.68,None,29.34,None,9.00,None,55.35,None,26.00,None,55.00,None,8.66,None,29.33,None,4.33,None,51.01,None,13.00,None,9.00
1772828268.070281,None,20.68,None,29.34,None,9.00,None,55.35,None,26.00,None,55.00,None,8.66,None,29.33,None,4.33,None,51.01,None,13.00,None,9.00
1772828268.119181,None,20.68,None,29.34,None,13.33,None,55.35,None,26.00,None,55.00,None,8.66,None,29.33,None,4.33,None,51.01,None,13.00,None,9.00
1772828268.121543,None,20.68,None,29.34,None,13.33,None,55.35,None,26.00,None,55.00,None,8.66,None,29.33,None,4.33,None,51.01,None,13.00,None,9.00
1772828268.170202,None,20.68,None,29.34,None,13.33,None,55.35,None,26.00,None,55.00,None,8.66,None,29.33,None,4.33,None,55.34,None,13.00,None,9.00
1772828268.1725605,None,20.68,None,29.34,None,13.33,None,55.35,None,26.00,None,55.00,None,8.66,None,29.33,None,4.33,None,55.34,None,13.00,None,9.00
1772828268.2207825,None,20.68,None,29.34,None,13.33,None,55.35,None,26.00,None,55.00,None,8.66,None,29.33,None,4.33,None,55.34,None,13.00,None,9.00
1772828268.223243,None,20.68,None,29.34,None,13.33,None,55.35,None,26.00,None,55.00,None,8.66,None,29.33,None,4.33,None,55.34,None,13.00,None,9.00
1772828285.8738105,None,3.34,None,29.34,None,4.33,None,55.35,None,13.00,None,55.00,None,4.33,None,29.33,None,4.33,None,55.34,None,8.67,None,9.00
1772828285.876015,None,3.34,None,29.34,None,4.33,None,55.35,None,13.00,None,55.00,None,4.33,None,29.33,None,4.33,None,55.34,None,8.67,None,9.00
1772828285.9959302,None,7.67,None,29.34,None,13.00,None,55.35,None,13.00,None,55.00,None,4.33,None,29.33,None,4.33,None,55.34,None,8.67,None,9.00
1772828285.997115,None,7.67,None,29.34,None,13.00,None,55.35,None,13.00,None,55.00,None,4.33,None,29.33,None,4.33,None,55.34,None,8.67,None,9.00
1772828286.0292985,None,7.67,None,29.34,None,13.00,None,55.35,None,13.00,None,55.00,None,8.66,None,29.33,None,4.33,None,55.34,None,8.67,None,9.00
1772828286.030755,None,7.67,None,29.34,None,13.00,None,55.35,None,13.00,None,55.00,None,8.66,None,29.33,None,4.33,None,55.34,None,8.67,None,9.00
1772828286.0628145,None,7.67,None,29.34,None,13.00,None,55.35,None,13.00,None,55.00,None,8.66,None,29.33,None,8.66,None,55.34,None,8.67,None,9.00
1772828286.0640762,None,7.67,None,29.34,None,13.00,None,55.35,None,13.00,None,55.00,None,8.66,None,29.33,None,8.66,None,55.34,None,8.67,None,9.00
1772828286.0945935,None,7.67,None,29.34,None,13.00,None,55.35,None,13.00,None,55.00,None,8.66,None,29.33,None,8.66,None,55.34,None,8.67,None,9.00
1772828286.0960133,None,7.67,None,29.34,None,13.00,None,55.35,None,13.00,None,55.00,None,8.66,None,29.33,None,8.66,None,55.34,None,8.67,None,9.00
1772828286.1295352,None,7.67,None,29.34,None,13.00,None,55.35,None,13.00,None,55.00,None,8.66,None,29.33,None,8.66,None,55.34,None,8.67,None,9.00
1772828286.1309185,None,7.67,None,29.34,None,13.00,None,55.35,None,13.00,None,55.00,None,8.66,None,29.33,None,8.66,None,55.34,None,8.67,None,9.00
1772828295.852922,None,7.67,None,29.34,None,8.67,None,None,None,0.00,None,35.33,None,4.33,None,29.33,None,0.00,None,42.34,None,8.67,None,9.00
1772828295.8545513,None,7.67,None,29.34,None,8.67,None,None,None,0.00,None,35.33,None,4.33,None,29.33,None,0.00,None,42.34,None,8.67,None,9.00
1772828295.9029355,None,7.67,None,29.34,None,8.67,None,None,None,8.67,None,35.33,None,8.66,None,29.33,None,0.00,None,42.34,None,8.67,None,9.00
1772828295.9045908,None,7.67,None,29.34,None,8.67,None,None,None,8.67,None,35.33,None,8.66,None,29.33,None,0.00,None,42.34,None,8.67,None,9.00
1772828296.083358,None,7.67,None,29.34,None,8.67,None,None,None,8.67,None,44.33,None,8.66,None,29.33,None,0.00,None,51.01,None,8.67,None,9.00
1772828296.0850801,None,7.67,None,29.34,None,8.67,None,None,None,8.67,None,44.33,None,8.66,None,29.33,None,0.00,None,51.01,None,8.67,None,9.00
1772828296.1337397,None,7.67,None,29.34,None,8.67,None,None,None,17.34,None,44.33,None,8.66,None,29.33,None,0.00,None,51.01,None,8.67,None,9.00
1772828296.1354768,None,7.67,None,29.34,None,8.67,None,None,None,17.34,None,44.33,None,8.66,None,29.33,None,0.00,None,51.01,None,8.67,None,9.00
1772828296.1840925,None,7.67,None,29.34,None,8.67,None,None,None,17.34,None,53.00,None,8.66,None,29.33,None,0.00,None,51.01,None,8.67,None,9.00
1772828296.1859024,None,7.67,None,29.34,None,8.67,None,None,None,17.34,None,53.00,None,8.66,None,29.33,None,0.00,None,51.01,None,8.67,None,9.00
1772828296.2340107,None,7.67,None,29.34,None,8.67,None,None,None,17.34,None,53.00,None,8.66,None,29.33,None,0.00,None,51.01,None,8.67,None,9.00
1772828296.235893,None,7.67,None,29.34,None,8.67,None,None,None,17.34,None,53.00,None,8.66,None,29.33,None,0.00,None,51.01,None,8.67,None,9.00
1772828296.2843597,None,7.67,None,29.34,None,12.00,None,None,None,17.34,None,53.00,None,8.66,None,29.33,None,0.00,None,51.01,None,13.00,None,9.00
1772828296.2863152,None,7.67,None,29.34,None,12.00,None,None,None,17.34,None,53.00,None,8.66,None,29.33,None,0.00,None,51.01,None,13.00,None,9.00
1772828296.3338685,None,12.00,None,29.34,None,12.00,None,None,None,26.01,None,53.00,None,8.66,None,29.33,None,0.00,None,51.01,None,13.00,None,9.00
1772828296.335878,None,12.00,None,29.34,None,12.00,None,None,None,26.01,None,53.00,None,8.66,None,29.33,None,0.00,None,51.01,None,13.00,None,9.00
1772828296.5102065,None,12.00,None,29.34,None,12.00,None,None,None,26.01,None,53.00,None,8.66,None,29.33,None,0.00,None,55.34,None,13.00,None,9.00
1772828296.5122952,None,12.00,None,29.34,None,12.00,None,None,None,26.01,None,53.00,None,8.66,None,29.33,None,0.00,None,55.34,None,13.00,None,9.00
1772828296.5598652,None,16.33,None,29.34,None,12.00,None,None,None,26.01,None,53.00,None,11.99,None,29.33,None,0.00,None,55.34,None,13.00,None,9.00
1772828296.5620427,None,16.33,None,29.34,None,12.00,None,None,None,26.01,None,53.00,None,11.99,None,29.33,None,0.00,None,55.34,None,13.00,None,9.00
1772828296.6092224,None,29.33,None,29.34,None,12.00,None,None,None,26.01,None,53.00,None,11.99,None,29.33,None,0.00,None,55.34,None,13.00,None,9.00
1772828296.611419,None,29.33,None,29.34,None,12.00,None,None,None,26.01,None,53.00,None,11.99,None,29.33,None,0.00,None,55.34,None,13.00,None,9.00
1772828296.6581666,None,29.33,None,29.34,None,12.00,None,None,None,29.34,None,54.67,None,11.99,None,29.33,None,0.00,None,55.34,None,13.00,None,9.00
1772828296.6603274,None,29.33,None,29.34,None,12.00,None,None,None,29.34,None,54.67,None,11.99,None,29.33,None,0.00,None,55.34,None,13.00,None,9.00
1772828296.707278,None,29.33,None,29.34,None,12.00,None,None,None,29.34,None,54.67,None,11.99,None,29.33,None,4.33,None,55.34,None,13.00,None,9.00
1772828296.7094705,None,29.33,None,29.34,None,12.00,None,None,None,29.34,None,54.67,None,11.99,None,29.33,None,4.33,None,55.34,None,13.00,None,9.00
1772828296.7564785,None,29.33,None,29.34,None,12.00,None,None,None,29.34,None,54.67,None,11.99,None,29.33,None,8.66,None,55.34,None,13.00,None,9.00
1772828296.7587361,None,29.33,None,29.34,None,12.00,None,None,None,29.34,None,54.67,None,11.99,None,29.33,None,8.66,None,55.34,None,13.00,None,9.00
1772828296.805332,None,29.33,None,29.34,None,12.00,None,None,None,29.34,None,54.67,None,11.99,None,29.33,None,12.66,None,55.34,None,13.00,None,9.00
1772828296.8076475,None,29.33,None,29.34,None,12.00,None,None,None,29.34,None,54.67,None,11.99,None,29.33,None,12.66,None,55.34,None,13.00,None,9.00
1772828296.9834802,None,29.33,None,29.34,None,12.00,None,None,None,29.34,None,54.67,None,11.99,None,29.33,None,21.33,None,55.34,None,13.00,None,9.00
1772828296.9858353,None,29.33,None,29.34,None,12.00,None,None,None,29.34,None,54.67,None,11.99,None,29.33,None,21.33,None,55.34,None,13.00,None,9.00
1772828297.0328496,None,29.33,None,29.34,None,12.00,None,None,None,29.34,None,54.67,None,11.99,None,29.33,None,30.00,None,55.34,None,13.00,None,9.00
1772828297.0352159,None,29.33,None,29.34,None,12.00,None,None,None,29.34,None,54.67,None,11.99,None,29.33,None,30.00,None,55.34,None,13.00,None,9.00
1772828297.0843334,None,29.33,None,29.34,None,12.00,None,None,None,29.34,None,54.67,None,11.99,None,29.33,None,38.67,None,55.34,None,13.00,None,9.00
1772828297.0868442,None,29.33,None,29.34,None,12.00,None,None,None,29.34,None,54.67,None,11.99,None,29.33,None,38.67,None,55.34,None,13.00,None,9.00
1772828297.1352317,None,29.33,None,29.34,None,12.00,None,None,None,29.34,None,54.67,None,11.99,None,29.33,None,38.67,None,55.34,None,13.00,None,9.00
1772828297.1378727,None,29.33,None,29.34,None,12.00,None,None,None,29.34,None,54.67,None,11.99,None,29.33,None,38.67,None,55.34,None,13.00,None,9.00
1772828303.926897,None,29.33,None,20.67,None,12.00,None,None,None,29.34,None,45.67,None,11.99,None,11.99,None,38.67,None,52.01,None,13.00,None,9.00
1772828303.929085,None,29.33,None,20.67,None,12.00,None,None,None,29.34,None,45.67,None,11.99,None,11.99,None,38.67,None,52.01,None,13.00,None,9.00
1772828303.9774163,None,29.33,None,20.67,None,12.00,None,None,None,29.34,None,45.67,None,11.99,None,11.99,None,38.67,None,52.01,None,13.00,None,9.00
1772828303.9797075,None,29.33,None,20.67,None,12.00,None,None,None,29.34,None,45.67,None,11.99,None,11.99,None,38.67,None,52.01,None,13.00,None,9.00
1772828304.1558397,None,29.33,None,20.67,None,12.00,None,None,None,29.34,None,45.67,None,11.99,None,11.99,None,38.67,None,52.01,None,13.00,None,9.00
1772828304.1580365,None,29.33,None,20.67,None,12.00,None,None,None,29.34,None,45.67,None,11.99,None,11.99,None,38.67,None,52.01,None,13.00,None,9.00
1772828304.2066982,None,29.33,None,20.67,None,12.00,None,None,None,29.34,None,45.67,None,11.99,None,11.99,None,38.67,None,52.01,None,13.00,None,9.00
1772828304.208935,None,29.33,None,20.67,None,12.00,None,None,None,29.34,None,45.67,None,11.99,None,11.99,None,38.67,None,52.01,None,13.00,None,9.00
1772828304.2697742,None,29.33,None,20.67,None,12.00,None,None,None,29.34,None,45.67,None,11.99,None,11.99,None,38.67,None,52.01,None,13.00,None,9.00
1772828304.2726676,None,29.33,None,20.67,None,12.00,None,None,None,29.34,None,45.67,None,11.99,None,11.99,None,38.67,None,52.01,None,13.00,None,9.00
1772828304.3376472,None,29.33,None,20.67,None,12.00,None,None,None,29.34,None,45.67,None,11.99,None,11.99,None,38.67,None,52.01,None,13.00,None,9.00
1772828304.340539,None,29.33,None,20.67,None,12.00,None,None,None,29.34,None,45.67,None,11.99,None,11.99,None,38.67,None,52.01,None,13.00,None,9.00
1772828328.9595816,None,25.99,None,8.67,None,12.00,None,0.00,None,29.34,None,45.67,None,7.66,None,17.33,None,38.67,None,52.01,None,13.00,None,9.00
1772828328.960765,None,25.99,None,8.67,None,12.00,None,0.00,None,29.34,None,45.67,None,7.66,None,17.33,None,38.67,None,52.01,None,13.00,None,9.00
1772828329.0077014,None,25.99,None,8.67,None,12.00,None,0.00,None,29.34,None,45.67,None,7.66,None,26.00,None,38.67,None,52.01,None,13.00,None,9.00
1772828329.0097487,None,25.99,None,8.67,None,12.00,None,0.00,None,29.34,None,45.67,None,7.66,None,26.00,None,38.67,None,52.01,None,13.00,None,9.00
1772828329.129998,None,25.99,None,17.34,None,12.00,None,4.00,None,29.34,None,50.00,None,7.66,None,26.00,None,38.67,None,52.01,None,13.00,None,9.00
1772828329.1312761,None,25.99,None,17.34,None,12.00,None,4.00,None,29.34,None,50.00,None,7.66,None,26.00,None,38.67,None,52.01,None,13.00,None,9.00
1772828329.1675634,None,25.99,None,26.01,None,12.00,None,4.00,None,29.34,None,50.00,None,7.66,None,26.00,None,38.67,None,52.01,None,13.00,None,9.00
1772828329.1687245,None,25.99,None,26.01,None,12.00,None,4.00,None,29.34,None,50.00,None,7.66,None,26.00,None,38.67,None,52.01,None,13.00,None,9.00
1772828329.1992147,None,25.99,None,26.01,None,12.00,None,4.00,None,29.34,None,50.00,None,7.66,None,29.33,None,38.67,None,52.01,None,13.00,None,9.00
1772828329.2003589,None,25.99,None,26.01,None,12.00,None,4.00,None,29.34,None,50.00,None,7.66,None,29.33,None,38.67,None,52.01,None,13.00,None,9.00
1772828329.2345486,None,25.99,None,26.01,None,12.00,None,4.00,None,29.34,None,50.00,None,7.66,None,29.33,None,38.67,None,52.01,None,13.00,None,9.00
1772828329.2357392,None,25.99,None,26.01,None,12.00,None,4.00,None,29.34,None,50.00,None,7.66,None,29.33,None,38.67,None,52.01,None,13.00,None,9.00
1772828346.0015461,None,25.99,None,26.01,None,12.00,None,12.67,None,29.34,None,54.33,None,7.66,None,29.33,None,38.67,None,52.01,None,13.00,None,9.00
1772828346.003809,None,25.99,None,26.01,None,12.00,None,12.67,None,29.34,None,54.33,None,7.66,None,29.33,None,38.67,None,52.01,None,13.00,None,9.00
1772828346.0570474,None,25.99,None,26.01,None,12.00,None,25.67,None,29.34,None,54.33,None,7.66,None,29.33,None,38.67,None,52.01,None,13.00,None,9.00
1772828346.059427,None,25.99,None,26.01,None,12.00,None,25.67,None,29.34,None,54.33,None,7.66,None,29.33,None,38.67,None,52.01,None,13.00,None,9.00
1772828346.248342,None,25.99,None,26.01,None,12.00,None,34.34,None,29.34,None,54.33,None,7.66,None,29.33,None,38.67,None,52.01,None,13.00,None,9.00
1772828346.2508256,None,25.99,None,26.01,None,12.00,None,34.34,None,29.34,None,54.33,None,7.66,None,29.33,None,38.67,None,52.01,None,13.00,None,9.00
1772828346.303045,None,25.99,None,26.01,None,12.00,None,43.01,None,29.34,None,54.33,None,7.66,None,29.33,None,38.67,None,52.01,None,13.00,None,9.00
1772828346.3055124,None,25.99,None,26.01,None,12.00,None,43.01,None,29.34,None,54.33,None,7.66,None,29.33,None,38.67,None,52.01,None,13.00,None,9.00
1772828346.3578968,None,25.99,None,26.01,None,12.00,None,51.68,None,29.34,None,54.33,None,7.66,None,29.33,None,38.67,None,52.01,None,13.00,None,9.00
1772828346.3604667,None,25.99,None,26.01,None,12.00,None,51.68,None,29.34,None,54.33,None,7.66,None,29.33,None,38.67,None,52.01,None,13.00,None,9.00
1772828346.4126458,None,25.99,None,26.01,None,12.00,None,51.68,None,29.34,None,54.33,None,7.66,None,29.33,None,38.67,None,52.01,None,13.00,None,9.00
1772828346.4151428,None,25.99,None,26.01,None,12.00,None,51.68,None,29.34,None,54.33,None,7.66,None,29.33,None,38.67,None,52.01,None,13.00,None,9.00
1772828365.0586433,None,8.66,None,26.01,None,12.00,None,51.68,None,12.00,None,45.33,None,0.00,None,29.33,None,12.67,None,26.00,None,13.00,None,9.00
1772828365.0606527,None,8.66,None,26.01,None,12.00,None,51.68,None,12.00,None,45.33,None,0.00,None,29.33,None,12.67,None,26.00,None,13.00,None,9.00
1772828365.1138523,None,8.66,None,26.01,None,12.00,None,51.68,None,12.00,None,47.00,None,0.00,None,29.33,None,12.67,None,26.00,None,13.00,None,9.00
1772828365.1158211,None,8.66,None,26.01,None,12.00,None,51.68,None,12.00,None,47.00,None,0.00,None,29.33,None,12.67,None,26.00,None,13.00,None,9.00
1772828365.2868469,None,8.66,None,26.01,None,12.00,None,51.68,None,12.00,None,54.66,None,0.00,None,29.33,None,12.67,None,26.00,None,13.00,None,9.00
1772828365.2889247,None,8.66,None,26.01,None,12.00,None,51.68,None,12.00,None,54.66,None,0.00,None,29.33,None,12.67,None,26.00,None,13.00,None,9.00
1772828365.3426104,None,8.66,None,26.01,None,12.00,None,51.68,None,12.00,None,54.66,None,0.00,None,29.33,None,12.67,None,26.00,None,13.00,None,9.00
1772828365.3448355,None,8.66,None,26.01,None,12.00,None,51.68,None,12.00,None,54.66,None,0.00,None,29.33,None,12.67,None,26.00,None,13.00,None,9.00
1772828365.398446,None,8.66,None,26.01,None,12.00,None,51.68,None,12.00,None,54.66,None,0.00,None,29.33,None,14.34,None,26.00,None,13.00,None,9.00
1772828365.4006715,None,8.66,None,26.01,None,12.00,None,51.68,None,12.00,None,54.66,None,0.00,None,29.33,None,14.34,None,26.00,None,13.00,None,9.00
1772828365.4549975,None,8.66,None,26.01,None,12.00,None,51.68,None,12.00,None,54.66,None,0.00,None,29.33,None,16.01,None,26.00,None,13.00,None,9.00
1772828365.4572775,None,8.66,None,26.01,None,12.00,None,51.68,None,12.00,None,54.66,None,0.00,None,29.33,None,16.01,None,26.00,None,13.00,None,9.00
1772828386.0980704,None,12.99,None,26.01,None,12.00,None,51.68,None,21.00,None,54.66,None,8.67,None,29.33,None,16.01,None,26.00,None,13.00,None,9.00
1772828386.100132,None,12.99,None,26.01,None,12.00,None,51.68,None,21.00,None,54.66,None,8.67,None,29.33,None,16.01,None,26.00,None,13.00,None,9.00
1772828386.2170544,None,12.99,None,26.01,None,12.00,None,51.68,None,29.67,None,54.66,None,8.67,None,29.33,None,16.01,None,26.00,None,13.00,None,9.00
1772828386.21829,None,12.99,None,26.01,None,12.00,None,51.68,None,29.67,None,54.66,None,8.67,None,29.33,None,16.01,None,26.00,None,13.00,None,9.00
1772828386.2578483,None,12.99,None,26.01,None,12.00,None,51.68,None,29.67,None,54.66,None,8.67,None,29.33,None,16.01,None,26.00,None,13.00,None,9.00
1772828386.2592149,None,12.99,None,26.01,None,12.00,None,51.68,None,29.67,None,54.66,None,8.67,None,29.33,None,16.01,None,26.00,None,13.00,None,9.00
1772828386.2939963,None,12.99,None,26.01,None,12.00,None,51.68,None,29.67,None,54.66,None,8.67,None,29.33,None,16.01,None,26.00,None,13.00,None,9.00
1772828386.2953076,None,12.99,None,26.01,None,12.00,None,51.68,None,29.67,None,54.66,None,8.67,None,29.33,None,16.01,None,26.00,None,13.00,None,9.00
1772828386.3337014,None,21.66,None,26.01,None,12.00,None,51.68,None,29.67,None,54.66,None,8.67,None,29.33,None,16.01,None,26.00,None,13.00,None,9.00
1772828386.3359232,None,21.66,None,26.01,None,12.00,None,51.68,None,29.67,None,54.66,None,8.67,None,29.33,None,16.01,None,26.00,None,13.00,None,9.00
1772828386.3803477,None,24.99,None,26.01,None,12.00,None,51.68,None,29.67,None,54.66,None,8.67,None,29.33,None,16.01,None,26.00,None,13.00,None,9.00
1772828386.381733,None,24.99,None,26.01,None,12.00,None,51.68,None,29.67,None,54.66,None,8.67,None,29.33,None,16.01,None,26.00,None,13.00,None,9.00
1772828403.1476555,None,16.33,None,26.01,None,0.00,None,51.68,None,17.67,None,21.99,None,8.67,None,29.33,None,3.34,None,4.33,None,13.00,None,9.00
1772828403.1496642,None,16.33,None,26.01,None,0.00,None,51.68,None,17.67,None,21.99,None,8.67,None,29.33,None,3.34,None,4.33,None,13.00,None,9.00
1772828403.3221512,None,16.33,None,26.01,None,9.00,None,51.68,None,17.67,None,21.99,None,13.00,None,29.33,None,3.34,None,4.33,None,13.00,None,9.00
1772828403.3232195,None,16.33,None,26.01,None,9.00,None,51.68,None,17.67,None,21.99,None,13.00,None,29.33,None,3.34,None,4.33,None,13.00,None,9.00
1772828403.375167,None,16.33,None,26.01,None,9.00,None,51.68,None,22.00,None,21.99,None,13.00,None,29.33,None,3.34,None,4.33,None,13.00,None,9.00
1772828403.3772392,None,16.33,None,26.01,None,9.00,None,51.68,None,22.00,None,21.99,None,13.00,None,29.33,None,3.34,None,4.33,None,13.00,None,9.00
1772828403.4218438,None,16.33,None,26.01,None,12.33,None,51.68,None,22.00,None,21.99,None,13.00,None,29.33,None,3.34,None,4.33,None,13.00,None,9.00
1772828403.4229672,None,16.33,None,26.01,None,12.33,None,51.68,None,22.00,None,21.99,None,13.00,None,29.33,None,3.34,None,4.33,None,13.00,None,9.00
1772828403.4725378,None,16.33,None,26.01,None,12.33,None,51.68,None,22.00,None,21.99,None,13.00,None,29.33,None,3.34,None,4.33,None,13.00,None,9.00
1772828403.474786,None,16.33,None,26.01,None,12.33,None,51.68,None,22.00,None,21.99,None,13.00,None,29.33,None,3.34,None,4.33,None,13.00,None,9.00
1772828403.5178154,None,25.00,None,26.01,None,12.33,None,51.68,None,22.00,None,21.99,None,13.00,None,29.33,None,3.34,None,4.33,None,13.00,None,9.00
1772828403.5189784,None,25.00,None,26.01,None,12.33,None,51.68,None,22.00,None,21.99,None,13.00,None,29.33,None,3.34,None,4.33,None,13.00,None,9.00
1772828418.253656,None,25.00,None,26.01,None,12.33,None,51.68,None,22.00,None,35.32,None,13.00,None,29.33,None,3.34,None,13.00,None,13.00,None,9.00
1772828418.2559876,None,25.00,None,26.01,None,12.33,None,51.68,None,22.00,None,35.32,None,13.00,None,29.33,None,3.34,None,13.00,None,13.00,None,9.00
1772828418.450116,None,25.00,None,26.01,None,12.33,None,51.68,None,22.00,None,44.32,None,13.00,None,29.33,None,3.34,None,21.67,None,13.00,None,9.00
1772828418.4524798,None,25.00,None,26.01,None,12.33,None,51.68,None,22.00,None,44.32,None,13.00,None,29.33,None,3.34,None,21.67,None,13.00,None,9.00
1772828418.5052035,None,25.00,None,26.01,None,12.33,None,51.68,None,22.00,None,53.32,None,13.00,None,29.33,None,3.34,None,30.34,None,13.00,None,9.00
1772828418.5076222,None,25.00,None,26.01,None,12.33,None,51.68,None,22.00,None,53.32,None,13.00,None,29.33,None,3.34,None,30.34,None,13.00,None,9.00
1772828418.5621357,None,29.33,None,26.01,None,12.33,None,51.68,None,22.00,None,53.32,None,13.00,None,29.33,None,3.34,None,30.34,None,13.00,None,9.00
1772828418.5645788,None,29.33,None,26.01,None,12.33,None,51.68,None,22.00,None,53.32,None,13.00,None,29.33,None,3.34,None,30.34,None,13.00,None,9.00
1772828418.6176128,None,29.33,None,26.01,None,12.33,None,51.68,None,22.00,None,53.32,None,13.00,None,29.33,None,7.67,None,30.34,None,13.00,None,9.00
1772828418.6201348,None,29.33,None,26.01,None,12.33,None,51.68,None,22.00,None,53.32,None,13.00,None,29.33,None,7.67,None,30.34,None,13.00,None,9.00
1772828418.6733336,None,29.33,None,26.01,None,12.33,None,51.68,None,22.00,None,53.32,None,13.00,None,29.33,None,11.67,None,30.34,None,13.00,None,9.00
1772828418.6757586,None,29.33,None,26.01,None,12.33,None,51.68,None,22.00,None,53.32,None,13.00,None,29.33,None,11.67,None,30.34,None,13.00,None,9.00
1772828442.2518685,None,29.33,None,26.01,None,12.33,None,51.68,None,22.00,None,53.32,None,13.00,None,29.33,None,11.67,None,30.34,None,13.00,None,9.00
1772828442.254435,None,29.33,None,26.01,None,12.33,None,51.68,None,22.00,None,53.32,None,13.00,None,29.33,None,11.67,None,30.34,None,13.00,None,9.00
1772828442.4352844,None,29.33,None,26.01,None,12.33,None,51.68,None,22.00,None,53.32,None,13.00,None,29.33,None,11.67,None,34.67,None,13.00,None,9.00
1772828442.4379542,None,29.33,None,26.01,None,12.33,None,51.68,None,22.00,None,53.32,None,13.00,None,29.33,None,11.67,None,34.67,None,13.00,None,9.00
1772828442.4933424,None,29.33,None,26.01,None,12.33,None,51.68,None,22.00,None,53.32,None,13.00,None,29.33,None,11.67,None,43.34,None,13.00,None,9.00
1772828442.4959722,None,29.33,None,26.01,None,12.33,None,51.68,None,22.00,None,53.32,None,13.00,None,29.33,None,11.67,None,43.34,None,13.00,None,9.00
1772828442.5517173,None,29.33,None,26.01,None,12.33,None,51.68,None,22.00,None,53.32,None,13.00,None,29.33,None,11.67,None,52.01,None,13.00,None,9.00
1772828442.5544848,None,29.33,None,26.01,None,12.33,None,51.68,None,22.00,None,53.32,None,13.00,None,29.33,None,11.67,None,52.01,None,13.00,None,9.00
1772828442.6084003,None,29.33,None,26.01,None,12.33,None,51.68,None,22.00,None,53.32,None,13.00,None,29.33,None,16.00,None,52.01,None,13.00,None,9.00
1772828442.6110966,None,29.33,None,26.01,None,12.33,None,51.68,None,22.00,None,53.32,None,13.00,None,29.33,None,16.00,None,52.01,None,13.00,None,9.00
1772828442.6662781,None,29.33,None,26.01,None,12.33,None,51.68,None,22.00,None,53.32,None,13.00,None,29.33,None,25.00,None,52.01,None,13.00,None,9.00
1772828442.6691496,None,29.33,None,26.01,None,12.33,None,51.68,None,22.00,None,53.32,None,13.00,None,29.33,None,25.00,None,52.01,None,13.00,None,9.00
1772828459.4066682,None,29.33,None,17.34,None,12.33,None,52.01,None,25.33,None,48.99,None,13.00,None,4.33,None,25.00,None,52.01,None,13.00,None,9.00
1772828459.409089,None,29.33,None,17.34,None,12.33,None,52.01,None,25.33,None,48.99,None,13.00,None,4.33,None,25.00,None,52.01,None,13.00,None,9.00
1772828459.462904,None,29.33,None,26.01,None,12.33,None,53.68,None,28.66,None,53.32,None,13.00,None,4.33,None,25.00,None,52.01,None,13.00,None,9.00
1772828459.4653893,None,29.33,None,26.01,None,12.33,None,53.68,None,28.66,None,53.32,None,13.00,None,4.33,None,25.00,None,52.01,None,13.00,None,9.00
1772828459.5181143,None,29.33,None,26.01,None,12.33,None,53.68,None,28.66,None,53.32,None,13.00,None,17.33,None,25.00,None,52.01,None,13.00,None,9.00
1772828459.5206246,None,29.33,None,26.01,None,12.33,None,53.68,None,28.66,None,53.32,None,13.00,None,17.33,None,25.00,None,52.01,None,13.00,None,9.00
1772828459.573569,None,29.33,None,26.01,None,12.33,None,55.35,None,28.66,None,53.32,None,13.00,None,26.00,None,25.00,None,52.01,None,13.00,None,9.00
1772828459.5761676,None,29.33,None,26.01,None,12.33,None,55.35,None,28.66,None,53.32,None,13.00,None,26.00,None,25.00,None,52.01,None,13.00,None,9.00
1772828459.629058,None,29.33,None,29.34,None,12.33,None,55.35,None,28.66,None,53.32,None,13.00,None,26.00,None,29.33,None,52.01,None,13.00,None,9.00
1772828459.631662,None,29.33,None,29.34,None,12.33,None,55.35,None,28.66,None,53.32,None,13.00,None,26.00,None,29.33,None,52.01,None,13.00,None,9.00
1772828459.8090086,None,29.33,None,29.34,None,12.33,None,55.35,None,28.66,None,53.32,None,13.00,None,29.33,None,29.33,None,52.01,None,13.00,None,9.00
1772828459.8117852,None,29.33,None,29.34,None,12.33,None,55.35,None,28.66,None,53.32,None,13.00,None,29.33,None,29.33,None,52.01,None,13.00,None,9.00
1772828479.4386137,None,29.33,None,29.34,None,12.33,None,55.35,None,28.66,None,39.99,None,13.00,None,29.33,None,34.66,None,47.68,None,13.00,None,9.00
1772828479.4399815,None,29.33,None,29.34,None,12.33,None,55.35,None,28.66,None,39.99,None,13.00,None,29.33,None,34.66,None,47.68,None,13.00,None,9.00
1772828479.4736457,None,29.33,None,29.34,None,12.33,None,55.35,None,28.66,None,43.99,None,13.00,None,29.33,None,43.33,None,52.01,None,13.00,None,9.00
1772828479.474983,None,29.33,None,29.34,None,12.33,None,55.35,None,28.66,None,43.99,None,13.00,None,29.33,None,43.33,None,52.01,None,13.00,None,9.00
1772828479.5080514,None,29.33,None,29.34,None,12.33,None,55.35,None,28.66,None,48.32,None,13.00,None,29.33,None,52.00,None,52.01,None,13.00,None,9.00
1772828479.5094497,None,29.33,None,29.34,None,12.33,None,55.35,None,28.66,None,48.32,None,13.00,None,29.33,None,52.00,None,52.01,None,13.00,None,9.00
1772828479.5426807,None,29.33,None,29.34,None,12.33,None,55.35,None,28.66,None,48.32,None,13.00,None,29.33,None,52.00,None,52.01,None,13.00,None,9.00
1772828479.5440853,None,29.33,None,29.34,None,12.33,None,55.35,None,28.66,None,48.32,None,13.00,None,29.33,None,52.00,None,52.01,None,13.00,None,9.00
1772828479.5768807,None,29.33,None,29.34,None,12.33,None,55.35,None,28.66,None,48.32,None,13.00,None,29.33,None,53.67,None,52.01,None,13.00,None,9.00
1772828479.5783176,None,29.33,None,29.34,None,12.33,None,55.35,None,28.66,None,48.32,None,13.00,None,29.33,None,53.67,None,52.01,None,13.00,None,9.00
1772828479.6894648,None,29.33,None,29.34,None,12.33,None,55.35,None,28.66,None,48.32,None,13.00,None,29.33,None,53.67,None,52.01,None,13.00,None,9.00
1772828479.691036,None,29.33,None,29.34,None,12.33,None,55.35,None,28.66,None,48.32,None,13.00,None,29.33,None,53.67,None,52.01,None,13.00,None,9.00
1772828493.4736235,None,29.33,None,29.34,None,12.33,None,20.34,None,28.66,None,48.32,None,13.00,None,29.33,None,53.67,None,52.01,None,13.00,None,9.00
1772828493.4750152,None,29.33,None,29.34,None,12.33,None,20.34,None,28.66,None,48.32,None,13.00,None,29.33,None,53.67,None,52.01,None,13.00,None,9.00
1772828493.509422,None,29.33,None,29.34,None,12.33,None,29.01,None,28.66,None,48.32,None,13.00,None,29.33,None,53.67,None,52.01,None,13.00,None,9.00
1772828493.5108404,None,29.33,None,29.34,None,12.33,None,29.01,None,28.66,None,48.32,None,13.00,None,29.33,None,53.67,None,52.01,None,13.00,None,9.00
1772828493.5582857,None,29.33,None,29.34,None,12.33,None,29.01,None,28.66,None,48.32,None,13.00,None,29.33,None,53.67,None,52.01,None,13.00,None,9.00
1772828493.559738,None,29.33,None,29.34,None,12.33,None,29.01,None,28.66,None,48.32,None,13.00,None,29.33,None,53.67,None,52.01,None,13.00,None,9.00
1772828493.594981,None,29.33,None,29.34,None,12.33,None,29.01,None,28.66,None,48.32,None,13.00,None,29.33,None,53.67,None,52.01,None,13.00,None,9.00
1772828493.5964093,None,29.33,None,29.34,None,12.33,None,29.01,None,28.66,None,48.32,None,13.00,None,29.33,None,53.67,None,52.01,None,13.00,None,9.00
1772828493.7234125,None,29.33,None,29.34,None,12.33,None,29.01,None,28.66,None,48.32,None,13.00,None,29.33,None,53.67,None,52.01,None,13.00,None,9.00
1772828493.7248564,None,29.33,None,29.34,None,12.33,None,29.01,None,28.66,None,48.32,None,13.00,None,29.33,None,53.67,None,52.01,None,13.00,None,9.00
1772828493.761867,None,29.33,None,29.34,None,12.33,None,29.01,None,28.66,None,48.32,None,13.00,None,29.33,None,53.67,None,52.01,None,13.00,None,9.00
1772828493.7634778,None,29.33,None,29.34,None,12.33,None,29.01,None,28.66,None,48.32,None,13.00,None,29.33,None,53.67,None,52.01,None,13.00,None,9.00
1772828507.542317,None,29.33,None,29.34,None,12.33,None,29.01,None,28.66,None,48.32,None,13.00,None,29.33,None,53.67,None,52.01,None,13.00,None,9.00
1772828507.5449352,None,29.33,None,29.34,None,12.33,None,29.01,None,28.66,None,48.32,None,13.00,None,29.33,None,53.67,None,52.01,None,13.00,None,9.00
1772828507.6011653,None,29.33,None,29.34,None,12.33,None,29.01,None,28.66,None,48.32,None,13.00,None,29.33,None,53.67,None,52.01,None,13.00,None,9.00
1772828507.6037092,None,29.33,None,29.34,None,12.33,None,29.01,None,28.66,None,48.32,None,13.00,None,29.33,None,53.67,None,52.01,None,13.00,None,9.00
1772828507.6585007,None,29.33,None,29.34,None,12.33,None,29.01,None,28.66,None,48.32,None,13.00,None,29.33,None,53.67,None,52.01,None,13.00,None,9.00
1772828507.661075,None,29.33,None,29.34,None,12.33,None,29.01,None,28.66,None,48.32,None,13.00,None,29.33,None,53.67,None,52.01,None,13.00,None,9.00
1772828507.7150311,None,29.33,None,29.34,None,12.33,None,29.01,None,28.66,None,48.32,None,13.00,None,29.33,None,53.67,None,52.01,None,13.00,None,9.00
1772828507.7175958,None,29.33,None,29.34,None,12.33,None,29.01,None,28.66,None,48.32,None,13.00,None,29.33,None,53.67,None,52.01,None,13.00,None,9.00
1772828507.9054945,None,29.33,None,29.34,None,12.33,None,29.01,None,28.66,None,48.32,None,13.00,None,29.33,None,53.67,None,52.01,None,13.00,None,9.00
1772828507.9080632,None,29.33,None,29.34,None,12.33,None,29.01,None,28.66,None,48.32,None,13.00,None,29.33,None,53.67,None,52.01,None,13.00,None,9.00
1772828507.9631577,None,29.33,None,29.34,None,12.33,None,29.01,None,28.66,None,48.32,None,13.00,None,29.33,None,53.67,None,52.01,None,13.00,None,9.00
1772828507.9657602,None,29.33,None,29.34,None,12.33,None,29.01,None,28.66,None,48.32,None,13.00,None,29.33,None,53.67,None,52.01,None,13.00,None,9.00
1772828525.5851321,None,13.00,None,29.34,None,12.33,None,29.01,None,19.99,None,48.32,None,8.66,None,29.33,None,53.67,None,52.01,None,13.00,None,9.00
1772828525.5868073,None,13.00,None,29.34,None,12.33,None,29.01,None,19.99,None,48.32,None,8.66,None,29.33,None,53.67,None,52.01,None,13.00,None,9.00
1772828525.6362305,None,13.00,None,29.34,None,12.33,None,29.01,None,28.99,None,48.32,None,8.66,None,29.33,None,53.67,None,52.01,None,13.00,None,9.00
1772828525.6380448,None,13.00,None,29.34,None,12.33,None,29.01,None,28.99,None,48.32,None,8.66,None,29.33,None,53.67,None,52.01,None,13.00,None,9.00
1772828525.7751112,None,21.67,None,29.34,None,12.33,None,29.01,None,28.99,None,48.32,None,8.66,None,29.33,None,53.67,None,52.01,None,13.00,None,9.00
1772828525.776448,None,21.67,None,29.34,None,12.33,None,29.01,None,28.99,None,48.32,None,8.66,None,29.33,None,53.67,None,52.01,None,13.00,None,9.00
1772828525.8098505,None,21.67,None,29.34,None,12.33,None,29.01,None,28.99,None,48.32,None,8.66,None,29.33,None,53.67,None,52.01,None,13.00,None,9.00
1772828525.811121,None,21.67,None,29.34,None,12.33,None,29.01,None,28.99,None,48.32,None,8.66,None,29.33,None,53.67,None,52.01,None,13.00,None,9.00
1772828525.848462,None,21.67,None,29.34,None,12.33,None,38.01,None,28.99,None,48.32,None,8.66,None,29.33,None,53.67,None,52.01,None,13.00,None,9.00
1772828525.850016,None,21.67,None,29.34,None,12.33,None,38.01,None,28.99,None,48.32,None,8.66,None,29.33,None,53.67,None,52.01,None,13.00,None,9.00
1772828525.884299,None,21.67,None,29.34,None,12.33,None,38.01,None,28.99,None,48.32,None,8.66,None,29.33,None,53.67,None,52.01,None,13.00,None,9.00
1772828525.885648,None,21.67,None,29.34,None,12.33,None,38.01,None,28.99,None,48.32,None,8.66,None,29.33,None,53.67,None,52.01,None,13.00,None,9.00
1772828544.624566,None,17.34,None,29.34,None,0.00,None,38.01,None,24.66,None,16.99,None,8.66,None,29.33,None,45.34,None,26.00,None,0.00,None,9.00
1772828544.6265304,None,17.34,None,29.34,None,0.00,None,38.01,None,24.66,None,16.99,None,8.66,None,29.33,None,45.34,None,26.00,None,0.00,None,9.00
1772828544.687943,None,27.68,None,29.34,None,0.00,None,38.01,None,24.66,None,16.99,None,8.66,None,29.33,None,45.34,None,26.00,None,0.00,None,9.00
1772828544.6899507,None,27.68,None,29.34,None,0.00,None,38.01,None,24.66,None,16.99,None,8.66,None,29.33,None,45.34,None,26.00,None,0.00,None,9.00
1772828544.8803031,None,29.35,None,29.34,None,0.00,None,38.01,None,24.66,None,16.99,None,8.66,None,29.33,None,45.34,None,26.00,None,0.00,None,9.00
1772828544.8824103,None,29.35,None,29.34,None,0.00,None,38.01,None,24.66,None,16.99,None,8.66,None,29.33,None,45.34,None,26.00,None,0.00,None,9.00
1772828544.9426172,None,29.35,None,29.34,None,0.00,None,38.01,None,24.66,None,16.99,None,11.99,None,29.33,None,45.34,None,26.00,None,0.00,None,9.00
1772828544.9447508,None,29.35,None,29.34,None,0.00,None,38.01,None,24.66,None,16.99,None,11.99,None,29.33,None,45.34,None,26.00,None,0.00,None,9.00
1772828545.0046523,None,29.35,None,29.34,None,0.00,None,38.01,None,28.99,None,16.99,None,11.99,None,29.33,None,45.34,None,26.00,None,8.67,None,9.00
1772828545.006807,None,29.35,None,29.34,None,0.00,None,38.01,None,28.99,None,16.99,None,11.99,None,29.33,None,45.34,None,26.00,None,8.67,None,9.00
1772828545.066036,None,29.35,None,29.34,None,0.00,None,38.01,None,28.99,None,16.99,None,13.66,None,29.33,None,45.34,None,26.00,None,8.67,None,9.00
1772828545.0682435,None,29.35,None,29.34,None,0.00,None,38.01,None,28.99,None,16.99,None,13.66,None,29.33,None,45.34,None,26.00,None,8.67,None,9.00
1772828564.6547604,None,29.35,None,28.33,None,0.00,None,38.01,None,28.99,None,16.99,None,13.66,None,25.00,None,32.01,None,4.33,None,8.67,None,9.00
1772828564.6567926,None,29.35,None,28.33,None,0.00,None,38.01,None,28.99,None,16.99,None,13.66,None,25.00,None,32.01,None,4.33,None,8.67,None,9.00
1772828564.8417263,None,29.35,None,30.00,None,0.00,None,38.01,None,28.99,None,16.99,None,13.66,None,29.33,None,40.68,None,4.33,None,8.67,None,9.00
1772828564.8437352,None,29.35,None,30.00,None,0.00,None,38.01,None,28.99,None,16.99,None,13.66,None,29.33,None,40.68,None,4.33,None,8.67,None,9.00
1772828564.9030468,None,29.35,None,30.00,None,0.00,None,38.01,None,28.99,None,16.99,None,13.66,None,29.33,None,53.68,None,4.33,None,8.67,None,9.00
1772828564.9051144,None,29.35,None,30.00,None,0.00,None,38.01,None,28.99,None,16.99,None,13.66,None,29.33,None,53.68,None,4.33,None,8.67,None,9.00
1772828564.9635725,None,29.35,None,30.00,None,0.00,None,38.01,None,28.99,None,16.99,None,13.66,None,29.33,None,53.68,None,8.66,None,8.67,None,9.00
1772828564.965667,None,29.35,None,30.00,None,0.00,None,38.01,None,28.99,None,16.99,None,13.66,None,29.33,None,53.68,None,8.66,None,8.67,None,9.00
1772828565.024615,None,29.35,None,30.00,None,9.00,None,38.01,None,28.99,None,16.99,None,13.66,None,29.33,None,53.68,None,8.66,None,8.67,None,9.00
1772828565.0267873,None,29.35,None,30.00,None,9.00,None,38.01,None,28.99,None,16.99,None,13.66,None,29.33,None,53.68,None,8.66,None,8.67,None,9.00
1772828565.0854092,None,29.35,None,30.00,None,9.00,None,47.01,None,28.99,None,25.66,None,13.66,None,29.33,None,53.68,None,12.66,None,8.67,None,9.00
1772828565.087625,None,29.35,None,30.00,None,9.00,None,47.01,None,28.99,None,25.66,None,13.66,None,29.33,None,53.68,None,12.66,None,8.67,None,9.00
1772828578.8366036,None,29.35,None,18.00,None,9.00,None,39.34,None,29.99,None,21.33,None,13.66,None,4.33,None,49.35,None,12.66,None,8.67,None,9.00
1772828578.8385856,None,29.35,None,18.00,None,9.00,None,39.34,None,29.99,None,21.33,None,13.66,None,4.33,None,49.35,None,12.66,None,8.67,None,9.00
1772828578.895613,None,29.35,None,18.00,None,9.00,None,39.34,None,29.99,None,21.33,None,13.66,None,17.33,None,49.35,None,12.66,None,8.67,None,9.00
1772828578.8968222,None,29.35,None,18.00,None,9.00,None,39.34,None,29.99,None,21.33,None,13.66,None,17.33,None,49.35,None,12.66,None,8.67,None,9.00
1772828578.9399405,None,29.35,None,18.00,None,9.00,None,39.34,None,29.99,None,21.33,None,13.66,None,26.00,None,49.35,None,12.66,None,13.00,None,9.00
1772828578.9413216,None,29.35,None,18.00,None,9.00,None,39.34,None,29.99,None,21.33,None,13.66,None,26.00,None,49.35,None,12.66,None,13.00,None,9.00
1772828578.9857285,None,29.35,None,25.66,None,9.00,None,39.34,None,29.99,None,21.33,None,13.66,None,26.00,None,53.35,None,12.66,None,13.00,None,9.00
1772828578.9871888,None,29.35,None,25.66,None,9.00,None,39.34,None,29.99,None,21.33,None,13.66,None,26.00,None,53.35,None,12.66,None,13.00,None,9.00
1772828579.0309038,None,29.35,None,28.99,None,9.00,None,39.34,None,29.99,None,21.33,None,13.66,None,26.00,None,53.35,None,12.66,None,13.00,None,9.00
1772828579.0324125,None,29.35,None,28.99,None,9.00,None,39.34,None,29.99,None,21.33,None,13.66,None,26.00,None,53.35,None,12.66,None,13.00,None,9.00
1772828579.1607609,None,29.35,None,28.99,None,9.00,None,52.34,None,29.99,None,21.33,None,13.66,None,26.00,None,53.35,None,12.66,None,13.00,None,9.00
1772828579.1623113,None,29.35,None,28.99,None,9.00,None,52.34,None,29.99,None,21.33,None,13.66,None,26.00,None,53.35,None,12.66,None,13.00,None,9.00
1772828602.7460253,None,29.35,None,28.99,None,9.00,None,52.34,None,29.99,None,17.00,None,13.66,None,26.00,None,25.67,None,12.66,None,13.00,None,9.00
1772828602.748137,None,29.35,None,28.99,None,9.00,None,52.34,None,29.99,None,17.00,None,13.66,None,26.00,None,25.67,None,12.66,None,13.00,None,9.00
1772828602.8057623,None,29.35,None,28.99,None,9.00,None,52.34,None,29.99,None,18.67,None,13.66,None,26.00,None,25.67,None,12.66,None,13.00,None,9.00
1772828602.8077748,None,29.35,None,28.99,None,9.00,None,52.34,None,29.99,None,18.67,None,13.66,None,26.00,None,25.67,None,12.66,None,13.00,None,9.00
1772828602.8663857,None,29.35,None,28.99,None,9.00,None,52.34,None,29.99,None,18.67,None,13.66,None,26.00,None,25.67,None,12.66,None,13.00,None,9.00
1772828602.8685093,None,29.35,None,28.99,None,9.00,None,52.34,None,29.99,None,18.67,None,13.66,None,26.00,None,25.67,None,12.66,None,13.00,None,9.00
1772828602.9276686,None,29.35,None,28.99,None,9.00,None,52.34,None,29.99,None,18.67,None,13.66,None,26.00,None,25.67,None,12.66,None,13.00,None,9.00
1772828602.929892,None,29.35,None,28.99,None,9.00,None,52.34,None,29.99,None,18.67,None,13.66,None,26.00,None,25.67,None,12.66,None,13.00,None,9.00
1772828603.1151257,None,29.35,None,28.99,None,9.00,None,52.34,None,29.99,None,18.67,None,13.66,None,26.00,None,25.67,None,12.66,None,13.00,None,9.00
1772828603.1172822,None,29.35,None,28.99,None,9.00,None,52.34,None,29.99,None,18.67,None,13.66,None,26.00,None,25.67,None,12.66,None,13.00,None,9.00
1772828603.1765788,None,29.35,None,28.99,None,9.00,None,52.34,None,29.99,None,27.67,None,13.66,None,26.00,None,25.67,None,21.33,None,13.00,None,9.00
1772828603.178748,None,29.35,None,28.99,None,9.00,None,52.34,None,29.99,None,27.67,None,13.66,None,26.00,None,25.67,None,21.33,None,13.00,None,9.00
1772828624.731408,None,29.35,None,28.99,None,9.00,None,44.00,None,29.99,None,36.34,None,13.66,None,26.00,None,25.67,None,21.33,None,13.00,None,9.00
1772828624.7325945,None,29.35,None,28.99,None,9.00,None,44.00,None,29.99,None,36.34,None,13.66,None,26.00,None,25.67,None,21.33,None,13.00,None,9.00
1772828624.781506,None,29.35,None,28.99,None,9.00,None,48.33,None,29.99,None,45.34,None,13.66,None,26.00,None,25.67,None,30.00,None,13.00,None,9.00
1772828624.7837667,None,29.35,None,28.99,None,9.00,None,48.33,None,29.99,None,45.34,None,13.66,None,26.00,None,25.67,None,30.00,None,13.00,None,9.00
1772828624.8459105,None,29.35,None,28.99,None,9.00,None,48.33,None,29.99,None,54.34,None,13.66,None,26.00,None,25.67,None,43.00,None,13.00,None,9.00
1772828624.848321,None,29.35,None,28.99,None,9.00,None,48.33,None,29.99,None,54.34,None,13.66,None,26.00,None,25.67,None,43.00,None,13.00,None,9.00
1772828625.0372164,None,29.35,None,28.99,None,9.00,None,48.33,None,29.99,None,54.34,None,13.66,None,26.00,None,25.67,None,51.67,None,13.00,None,9.00
1772828625.0395417,None,29.35,None,28.99,None,9.00,None,48.33,None,29.99,None,54.34,None,13.66,None,26.00,None,25.67,None,51.67,None,13.00,None,9.00
1772828625.0999632,None,29.35,None,28.99,None,9.00,None,48.33,None,29.99,None,54.34,None,13.66,None,26.00,None,25.67,None,51.67,None,13.00,None,9.00
1772828625.102319,None,29.35,None,28.99,None,9.00,None,48.33,None,29.99,None,54.34,None,13.66,None,26.00,None,25.67,None,51.67,None,13.00,None,9.00
1772828625.161497,None,29.35,None,28.99,None,9.00,None,48.33,None,29.99,None,54.34,None,13.66,None,26.00,None,25.67,None,51.67,None,13.00,None,9.00
1772828625.1639428,None,29.35,None,28.99,None,9.00,None,48.33,None,29.99,None,54.34,None,13.66,None,26.00,None,25.67,None,51.67,None,13.00,None,9.00
